64 64 255
8
9
12
14
15
15
14
12
11
10
8
8
9
9
10
10
11
12
12
11
10
11
13
12
11
10
10
11
11
11
11
12
15
16
16
14
12
11
12
14
15
15
12
10
10
12
14
13
12
11
12
14
16
16
15
13
10
8
8
9
10
9
8
7
8
9
11
13
14
14
13
12
10
9
9
9
9
9
9
10
10
11
11
10
10
11
12
12
10
9
10
11
12
11
11
12
14
15
16
14
12
11
12
14
15
14
12
9
9
11
13
13
12
11
12
14
15
15
14
12
9
8
8
9
10
9
9
8
7
8
9
10
12
12
11
10
9
9
10
10
9
9
9
9
9
9
9
8
9
10
11
10
9
8
9
11
12
11
10
11
12
14
15
14
13
11
11
13
14
13
11
8
8
9
12
13
12
11
11
13
14
13
11
9
8
7
8
10
10
10
10
10
7
7
7
8
9
10
10
9
9
10
11
11
10
9
9
9
8
7
6
6
7
8
9
9
8
7
8
10
11
10
9
9
10
11
13
13
11
9
8
10
11
12
10
8
8
10
13
15
14
13
11
11
12
12
10
9
8
7
8
10
12
12
12
12
9
8
7
7
8
9
9
8
9
11
12
12
11
10
10
10
8
6
5
5
5
7
8
7
7
6
6
7
9
9
8
7
8
9
10
10
8
6
5
6
8
9
9
8
10
13
17
18
17
15
12
11
11
12
11
10
8
8
9
11
13
13
13
13
10
9
8
7
8
8
8
8
9
11
13
12
11
10
11
11
9
7
5
5
5
6
7
6
6
5
5
6
7
8
7
6
6
7
8
9
7
4
3
3
6
8
9
10
13
18
22
23
21
17
14
12
12
12
12
11
9
8
8
11
13
14
13
13
10
10
9
9
9
9
8
8
9
11
12
10
9
9
11
11
10
8
7
7
7
7
7
6
5
4
4
6
8
8
8
7
7
8
8
9
7
5
4
4
6
8
11
14
18
23
28
30
28
23
19
15
14
14
13
11
8
7
7
9
12
14
14
14
9
9
10
11
11
10
9
8
9
10
10
8
7
8
10
10
9
8
8
9
9
8
8
7
6
5
5
7
10
11
10
9
9
10
10
10
9
8
8
8
8
10
13
18
23
28
33
37
37
33
27
22
18
16
14
10
7
6
6
9
11
14
15
15
6
7
10
12
12
11
10
9
9
9
8
7
7
7
9
9
9
8
8
9
10
10
10
9
8
7
8
10
13
13
13
12
12
13
13
11
10
10
11
11
11
13
17
23
28
34
39
44
45
43
37
30
24
19
14
10
8
7
7
9
11
13
14
15
4
5
8
10
11
11
11
10
9
9
8
7
8
9
10
10
9
8
8
9
10
11
11
12
11
10
11
13
14
14
14
14
15
16
15
13
12
13
13
13
14
16
22
29
36
41
46
50
52
51
46
39
30
23
16
12
9
8
8
9
10
11
11
11
4
5
7
9
10
10
10
10
9
8
8
8
10
12
13
13
11
9
9
9
10
11
12
13
12
11
12
14
14
14
14
14
16
17
17
15
14
14
14
14
15
20
28
37
46
50
53
55
57
57
53
46
36
26
19
13
11
10
10
10
9
8
7
7
7
7
8
9
10
10
10
9
8
8
9
10
12
14
16
16
14
11
10
10
11
13
14
13
12
11
13
14
14
13
12
13
15
17
18
17
16
15
14
15
18
24
34
46
56
62
63
64
64
63
59
50
39
28
20
14
12
10
10
9
7
6
6
6
10
10
10
10
10
9
9
8
8
8
10
11
14
16
18
19
18
15
13
12
14
15
16
16
13
12
13
15
15
14
12
12
14
16
18
17
16
14
14
15
20
28
40
53
65
73
77
79
80
77
69
56
41
29
20
14
11
10
9
8
5
5
6
6
12
11
11
10
9
8
7
7
7
8
10
12
14
17
20
23
23
21
19
17
18
20
21
21
18
16
16
16
16
14
12
12
13
15
17
17
15
14
13
15
20
29
42
56
70
83
94
103
107
101
86
65
44
29
19
13
10
9
8
7
5
5
7
8
11
10
10
9
8
8
7
7
7
7
8
10
13
17
22
26
28
27
24
22
22
25
27
28
25
22
19
18
16
14
12
12
12
13
15
15
14
13
13
14
19
27
40
54
69
87
109
130
139
130
107
77
49
29
18
12
10
9
9
8
7
7
9
9
9
9
8
8
8
8
8
8
8
7
7
8
12
17
23
27
29
29
27
26
26
29
33
35
34
29
24
19
16
14
13
12
12
13
14
14
13
12
12
13
16
23
33
46
61
85
117
148
162
152
124
86
53
29
17
12
11
11
11
11
9
9
10
10
6
7
7
8
9
10
10
11
10
10
9
9
12
17
22
25
26
25
25
25
27
31
38
42
41
36
28
21
17
14
14
13
13
13
12
12
11
10
10
11
13
19
26
35
50
75
112
148
165
156
126
87
52
28
16
12
12
12
13
12
11
10
10
10
4
5
5
7
8
10
13
14
15
15
14
13
15
18
21
22
20
19
19
21
25
32
40
47
48
43
34
25
20
16
15
13
12
11
11
10
9
8
8
9
11
14
19
26
37
60
93
127
145
138
112
77
46
25
15
12
12
12
13
13
12
11
11
11
3
3
4
5
7
10
14
18
22
24
23
21
21
21
22
20
17
15
15
19
24
32
43
52
56
51
42
33
26
21
16
12
10
10
10
9
8
7
7
8
9
11
14
18
27
43
69
96
112
109
90
62
36
20
12
10
10
11
13
14
13
12
12
12
3
3
3
4
6
9
14
22
29
33
33
31
28
26
24
21
17
14
15
18
25
34
46
58
64
62
55
46
36
27
19
13
9
8
9
9
8
7
7
7
8
9
11
13
19
30
46
65
79
81
69
48
29
16
10
8
9
10
12
14
14
14
14
14
5
5
4
5
6
9
15
25
35
41
43
41
38
33
28
24
20
18
18
20
26
36
49
63
72
74
70
62
51
38
26
16
10
8
9
9
9
8
8
7
7
7
8
10
14
20
29
41
53
58
52
39
25
15
11
9
9
11
13
15
15
15
15
15
7
7
7
6
7
10
16
26
37
46
51
52
50
45
37
30
26
23
21
21
26
35
49
65
79
88
91
86
74
56
38
25
16
12
11
10
10
10
9
8
7
7
7
9
12
15
19
26
35
41
40
33
24
17
12
10
10
12
15
16
16
16
16
16
9
9
9
9
9
12
17
26
36
46
54
61
63
58
48
39
33
29
26
24
26
34
48
67
87
106
117
116
102
79
55
36
24
18
15
13
11
11
11
9
8
8
9
10
12
13
14
17
23
29
32
30
26
20
15
11
10
12
14
16
17
16
16
16
8
8
9
10
12
14
18
24
31
41
53
64
71
68
59
48
42
37
32
29
29
35
49
71
98
125
143
145
129
100
70
46
31
23
19
15
13
12
12
10
10
10
12
13
13
12
12
13
17
21
25
28
27
22
16
11
9
10
12
15
16
15
15
14
6
7
9
11
13
15
17
21
27
36
48
62
72
73
67
59
54
51
46
40
38
43
55
78
107
139
160
163
144
112
79
52
36
27
23
19
15
14
13
12
11
12
13
13
12
11
10
12
14
17
21
25
25
22
16
11
8
8
10
12
13
12
11
11
5
6
9
11
13
15
16
18
22
30
42
56
67
72
72
71
71
70
66
59
54
56
66
86
113
143
162
163
144
112
79
53
37
30
27
24
22
20
19
17
15
14
14
12
11
9
9
10
12
14
18
21
22
20
15
11
9
9
10
10
9
8
7
6
4
6
8
11
13
14
15
15
19
26
37
48
58
66
74
81
88
92
89
82
74
72
77
91
113
136
152
151
134
106
76
53
39
34
34
34
32
31
29
26
22
17
14
11
9
7
7
9
10
12
15
17
19
18
15
12
12
11
10
8
6
5
4
4
4
5
8
11
13
13
13
12
15
22
31
40
49
59
73
88
100
107
106
99
90
84
84
92
107
125
136
135
122
99
75
55
44
41
43
44
43
41
40
36
29
22
16
11
8
7
7
7
7
9
11
14
16
16
14
14
13
12
10
7
4
2
3
3
4
5
8
10
12
12
11
11
13
19
27
33
41
52
67
85
99
107
108
102
93
86
82
86
98
112
122
123
115
99
80
64
54
51
51
50
49
47
47
44
36
26
18
13
10
9
7
6
6
8
11
14
15
15
14
14
13
12
9
6
3
2
3
4
7
8
9
10
10
11
11
11
13
18
24
29
34
44
58
74
86
94
96
93
86
78
73
75
85
99
111
117
115
106
94
81
71
64
59
54
51
50
51
49
41
29
21
16
14
12
9
7
7
9
13
15
16
15
13
13
12
10
8
5
3
2
3
4
12
12
12
11
11
11
11
13
15
18
22
26
30
37
47
59
69
76
80
80
74
65
59
61
71
87
103
115
121
121
115
105
92
80
68
59
54
53
54
52
43
32
23
19
17
15
12
10
10
13
15
16
16
14
12
11
10
8
6
4
2
3
4
5
16
17
16
14
12
11
12
14
17
19
22
24
27
32
38
46
54
61
67
69
63
54
47
49
60
77
98
116
130
138
140
133
117
98
80
66
59
57
57
53
44
33
26
22
20
18
15
13
14
16
17
17
15
13
11
10
9
8
6
4
3
3
5
5
18
18
18
16
13
12
13
16
19
20
22
23
25
29
33
39
47
55
62
65
60
51
45
48
59
78
100
121
139
155
165
161
144
117
92
74
64
59
56
51
43
34
27
23
21
19
17
17
18
19
19
17
15
12
11
10
10
8
6
4
4
5
6
7
15
16
16
15
13
14
17
21
23
24
24
24
25
26
29
36
45
56
65
70
67
61
57
63
77
94
113
130
148
169
187
188
168
134
101
77
63
57
52
47
41
34
29
25
22
20
18
19
20
22
22
21
17
14
11
11
11
9
7
5
5
6
7
8
11
12
12
12
13
17
23
29
31
31
29
27
25
25
27
34
46
60
75
84
85
82
83
93
109
124
134
143
158
183
208
213
189
148
106
76
59
52
48
45
41
37
32
27
22
19
17
18
21
24
27
26
22
17
13
12
11
10
8
5
5
6
7
8
7
7
9
11
14
21
30
38
42
40
35
31
27
26
28
35
49
68
89
105
111
112
117
131
148
159
160
159
172
200
230
236
207
158
110
75
56
48
46
46
45
41
36
30
23
18
16
17
20
24
29
31
27
20
14
12
12
10
8
5
4
5
6
7
4
5
7
10
15
24
35
46
50
47
40
34
31
31
35
44
60
84
110
131
140
142
147
162
178
185
181
175
187
218
248
251
218
165
114
77
56
48
47
48
48
46
40
33
25
19
15
14
16
22
28
31
29
22
16
13
12
11
8
6
4
4
5
6
4
4
6
10
16
25
37
48
54
51
44
39
39
44
54
67
87
114
142
163
169
168
168
178
191
195
189
183
195
225
254
255
220
167
118
82
60
51
49
50
50
47
41
34
26
19
14
12
13
17
24
28
27
21
15
12
12
11
9
6
5
5
5
6
5
6
7
10
15
24
35
46
52
51
48
47
54
68
87
108
131
156
180
194
194
185
176
178
185
187
181
176
186
214
240
242
212
166
122
87
64
53
49
50
48
45
39
32
24
18
14
11
11
15
20
24
23
18
14
12
11
10
8
7
6
6
6
6
7
7
8
11
15
22
32
41
47
50
53
60
75
99
128
156
179
198
212
216
208
190
173
166
166
165
159
156
165
189
213
220
199
162
122
88
65
52
47
46
44
40
35
28
22
16
13
11
10
13
17
20
18
15
12
10
10
10
8
7
6
6
7
7
9
9
10
12
15
21
28
35
42
50
60
75
98
129
166
196
213
223
226
221
206
183
161
148
142
138
134
132
140
160
183
194
183
154
118
85
61
48
42
41
38
34
30
24
18
14
12
10
10
12
15
16
15
12
10
9
10
9
8
7
6
6
6
6
9
10
10
12
15
20
25
30
38
49
66
89
118
154
191
218
228
228
223
213
194
169
145
128
118
113
111
111
119
136
156
168
163
141
110
78
54
41
36
33
30
27
24
20
16
13
11
10
10
11
13
14
13
12
10
10
10
10
9
7
6
5
5
5
9
9
9
10
13
17
21
26
33
47
68
96
129
165
199
221
226
220
211
198
178
153
129
110
99
93
92
95
104
118
133
143
140
123
96
68
47
35
29
26
24
21
19
16
14
12
10
9
8
9
11
13
13
12
11
11
11
10
9
8
6
5
5
5
7
7
8
9
12
15
18
22
29
42
63
91
124
158
189
206
208
201
191
178
160
137
115
97
85
78
77
82
92
103
113
118
114
100
79
57
40
30
25
22
19
17
14
13
12
11
10
9
8
9
11
13
13
13
12
12
12
11
10
8
7
6
6
6
5
6
7
9
12
14
16
18
23
34
51
74
101
130
156
171
173
168
160
149
135
117
100
86
75
67
65
70
79
88
94
95
89
77
62
47
35
27
23
20
17
14
12
10
10
10
11
9
9
9
11
13
13
13
12
12
13
12
11
9
8
8
7
7
5
5
8
10
13
14
15
16
18
24
35
50
69
90
110
123
125
122
117
110
102
92
83
75
68
60
56
58
66
73
77
76
69
58
47
38
32
27
23
20
16
13
10
8
7
8
10
10
9
10
11
13
13
12
11
11
12
12
11
10
8
8
8
8
4
6
9
11
13
14
14
14
14
16
21
30
41
54
68
77
80
78
76
73
69
67
66
65
62
56
51
50
54
59
62
61
54
45
37
33
30
28
24
19
16
12
8
5
3
5
7
8
8
8
10
12
12
11
9
9
10
12
11
9
7
6
7
7
5
6
9
11
12
13
13
12
10
10
12
18
25
33
41
47
49
48
47
46
45
46
50
54
56
53
47
44
44
47
50
50
45
37
31
29
30
29
25
20
16
12
7
2
0
1
4
6
7
7
9
11
12
11
9
8
9
10
10
8
5
5
6
6
6
7
8
10
11
12
12
11
8
7
9
14
19
23
27
30
32
32
31
30
29
32
37
43
47
47
43
39
38
39
42
42
39
32
27
26
29
30
26
21
16
11
6
2
0
1
4
6
7
7
9
11
12
11
9
8
8
9
9
7
5
5
6
7
9
9
9
10
12
13
13
12
9
8
10
14
18
21
23
24
25
24
23
21
20
22
26
31
35
36
35
32
31
32
34
35
33
29
26
25
28
29
26
21
16
11
7
3
2
3
6
7
8
9
11
12
12
10
8
8
8
8
8
7
6
6
8
9
11
11
11
11
12
14
14
13
11
10
11
14
17
20
20
20
21
20
19
18
16
15
17
20
23
25
25
25
24
25
26
27
27
26
24
24
26
26
24
20
15
11
8
6
6
7
9
9
10
10
12
13
11
9
7
6
7
7
7
7
7
8
10
11
13
13
12
12
12
13
13
12
11
11
12
14
17
18
18
18
18
18
17
16
14
12
12
14
15
16
16
16
17
18
19
20
21
21
21
22
22
22
21
19
15
12
10
9
10
11
12
12
12
12
14
14
12
9
7
5
5
6
6
6
6
8
10
11
12
13
12
12
11
11
11
10
10
10
12
14
15
16
16
15
15
15
16
15
13
12
11
11
11
10
9
10
12
13
14
14
15
16
17
18
18
18
18
17
15
13
12
12
13
15
15
15
14
14
15
16
14
11
7
5
5
6
6
6
6
8
10
11
9
10
11
12
12
11
10
10
10
11
12
12
13
13
14
14
14
14
14
13
12
12
11
10
9
7
6
7
8
9
10
9
9
10
12
13
13
14
14
15
15
15
15
16
17
18
17
16
15
15
15
16
15
12
9
7
6
7
7
7
7
8
10
11
6
8
10
13
13
12
11
11
11
11
11
11
11
12
13
14
14
13
12
12
12
12
12
10
8
6
6
7
7
8
7
6
6
7
9
10
10
11
11
12
13
15
18
20
21
20
18
16
14
14
14
15
14
12
10
8
9
10
10
9
9
10
11
11
5
6
10
13
14
13
12
12
11
10
9
9
10
11
13
15
15
14
13
12
12
12
12
9
7
6
7
8
8
8
6
4
5
7
9
9
9
9
8
9
10
14
19
22
22
20
17
14
13
13
13
13
13
11
10
9
10
12
12
11
11
11
11
11
5
6
9
12
13
13
13
12
10
8
7
8
10
12
14
16
16
16
14
13
13
12
10
8
6
7
8
10
10
8
6
4
4
7
10
10
9
7
6
6
8
12
17
21
21
18
14
12
12
13
13
12
11
10
9
9
11
12
12
11
11
10
10
10
6
7
9
11
12
12
12
11
9
7
7
9
11
14
16
18
18
17
16
14
12
10
8
6
5
6
8
10
10
9
6
5
6
9
11
11
9
7
6
5
7
10
14
17
17
14
12
11
11
12
12
12
11
9
8
8
9
11
11
10
10
10
9
8
7
7
8
9
9
9
9
9
9
8
9
11
12
15
18
20
19
18
16
13
11
9
7
5
3
5
8
11
11
9
7
7
8
11
12
11
9
7
6
6
7
9
11
13
12
10
8
8
9
11
12
12
11
10
8
7
8
9
9
9
9
9
9
8
7
8
9
8
7
7
7
8
9
10
12
13
13
15
17
19
19
16
14
12
10
8
7
5
3
5
8
12
12
10
9
9
10
12
12
11
9
7
7
8
8
9
10
10
9
6
5
5
7
10
11
12
12
10
8
7
8
9
9
8
9
9
9
9
8
9
9
9
7
6
6
8
11
12
13
13
13
14
15
16
15
14
13
11
9
8
7
6
5
6
9
12
12
10
10
10
11
13
12
11
9
8
9
10
10
10
10
10
8
5
4
3
5
9
11
12
11
10
9
8
8
9
8
7
7
8
10
10
9
10
11
10
8
6
6
8
11
13
13
13
13
12
12
11
11
11
11
10
8
7
6
5
6
8
10
12
11
10
10
11
12
13
12
11
10
10
11
12
12
12
11
11
10
7
4
3
5
8
10
10
10
9
8
7
8
8
7
6
6
8
10
11
10
11
11
10
8
6
6
9
11
13
13
13
12
11
10
8
8
9
10
9
7
6
5
5
6
9
11
10
9
8
10
11
13
13
12
11
11
12
13
14
14
14
14
14
12
9
6
5
6
8
9
9
8
7
6
6
7
8
7
6
6
8
10
12
11
11
11
10
8
6
6
9
11
13
13
13
12
11
9
7
7
8
9
8
7
5
4
4
7
9
11
10
8
8
9
12
13
13
12
11
12
12
14
15
15
15
15
15
14
10
7
6
6
8
9
8
7
6
6
6
7
7
7
5
6
8
11
12
