64 64 255
14
14
14
13
12
11
12
13
13
13
13
13
13
13
12
11
10
10
12
13
13
12
11
11
12
14
16
16
15
14
13
12
12
13
13
11
9
9
9
10
9
9
9
9
9
10
11
12
13
12
10
9
10
9
7
6
7
8
10
10
11
10
9
8
14
14
14
13
11
11
11
12
12
12
11
11
11
12
12
11
11
11
12
12
13
12
11
11
12
15
17
17
16
15
13
12
12
12
12
11
9
9
9
10
9
9
9
9
9
9
10
12
13
12
10
10
10
9
8
7
7
8
9
11
11
11
10
9
12
12
12
11
10
9
9
10
10
9
9
8
9
11
11
12
11
12
12
13
12
12
11
11
13
15
18
17
16
15
14
13
12
12
11
10
9
9
9
10
10
10
10
10
10
10
10
12
14
13
11
10
10
10
9
8
8
9
9
11
12
13
12
12
11
11
11
10
8
7
8
9
9
8
7
7
8
10
11
12
12
13
13
13
12
11
10
10
11
14
15
15
14
14
14
13
13
12
12
11
10
10
10
10
10
10
11
11
12
12
12
14
15
14
12
11
10
10
10
10
10
9
9
10
12
13
13
13
9
10
10
10
9
8
9
10
10
9
8
8
9
10
11
12
13
13
13
13
12
10
9
9
10
12
12
11
10
11
13
13
13
13
13
12
11
10
10
10
10
10
11
13
14
15
15
15
15
13
11
10
9
9
10
11
11
10
9
9
10
11
12
12
7
8
9
11
10
10
10
10
10
9
8
9
10
11
12
12
12
13
12
11
10
10
9
9
10
10
9
8
8
9
11
12
13
13
13
12
11
10
9
9
10
11
12
14
17
18
18
17
15
13
11
9
8
9
9
10
11
10
9
9
9
10
10
11
3
5
8
12
12
11
10
10
9
8
8
9
11
12
12
12
11
11
11
9
8
9
9
10
10
10
9
8
7
9
10
11
11
11
11
11
10
9
8
9
10
12
13
16
18
20
20
18
16
15
12
10
9
8
9
9
10
10
9
8
8
9
9
10
0
2
7
11
12
11
9
8
8
8
9
10
12
13
12
11
10
9
8
7
7
8
10
12
12
11
10
9
9
9
9
9
9
9
9
9
9
9
9
10
12
14
16
18
20
22
22
21
20
19
16
13
10
9
9
10
10
10
9
8
8
8
9
10
0
1
5
8
9
8
8
8
9
10
11
11
12
13
12
10
9
8
7
6
6
9
12
14
14
13
11
11
10
9
8
8
9
9
8
7
8
9
10
11
14
16
17
19
22
24
25
25
26
25
22
18
14
12
11
11
12
11
9
7
7
8
10
10
2
3
4
6
6
6
7
8
10
11
12
12
12
12
11
10
9
8
7
6
7
10
14
16
16
14
13
12
10
9
8
8
10
10
9
8
9
10
12
13
16
18
19
20
23
25
28
30
33
35
32
27
21
17
15
14
13
12
9
8
7
8
10
10
4
5
5
6
5
5
6
8
10
11
11
12
12
12
12
12
11
9
7
7
8
12
15
16
16
14
13
12
11
10
9
10
12
12
11
11
12
13
14
16
19
20
21
23
25
29
34
39
45
49
47
40
31
23
18
15
13
12
9
8
8
9
10
11
6
7
8
8
7
7
7
8
9
10
11
12
12
12
12
13
12
11
9
9
11
13
14
14
14
13
13
13
13
12
12
13
14
14
13
14
15
16
17
19
21
23
25
28
33
38
44
52
61
67
65
56
42
29
20
16
13
11
9
8
9
11
12
12
7
9
11
12
11
9
8
8
9
10
11
12
13
12
13
14
14
13
12
13
14
14
13
12
12
13
14
15
15
15
15
15
15
15
15
15
16
18
19
20
22
25
31
38
45
53
63
74
84
88
83
69
51
33
21
15
12
11
9
9
10
12
13
14
10
11
14
15
13
11
9
9
9
11
12
13
14
14
15
16
16
16
16
18
18
16
13
11
12
13
14
16
17
18
18
18
18
17
16
16
17
17
18
18
20
26
36
47
58
71
88
103
112
110
98
78
55
35
21
15
12
11
10
10
11
13
14
14
13
14
16
16
14
12
10
9
10
11
13
15
16
17
18
19
20
20
22
24
23
19
14
12
12
13
14
15
17
19
21
22
22
20
18
17
16
15
14
14
17
24
36
49
63
83
107
127
134
126
107
83
57
35
21
15
13
12
11
10
11
13
14
14
13
14
16
16
14
12
10
9
11
12
15
17
19
21
22
23
23
24
26
28
26
22
17
14
13
13
12
14
17
20
24
26
26
24
21
18
15
13
12
11
14
20
30
42
57
79
108
131
137
125
103
77
53
32
20
14
13
13
12
11
12
13
14
15
13
13
14
15
14
12
11
11
13
15
17
19
21
23
25
25
25
25
27
28
26
23
19
16
15
14
14
15
18
22
26
29
28
25
22
18
14
12
10
10
12
16
22
30
41
61
86
107
112
101
81
60
41
26
18
15
14
14
14
13
13
14
15
15
10
11
11
12
13
13
12
13
16
18
20
21
22
24
24
23
22
22
23
23
22
20
18
18
18
19
19
19
21
24
27
28
27
23
18
14
11
10
9
9
10
12
15
18
24
37
54
67
71
63
50
37
26
18
15
15
15
16
16
15
14
15
15
15
8
8
9
10
11
12
13
16
19
22
23
23
23
23
22
20
18
17
18
18
17
16
17
19
22
25
27
29
29
29
28
27
23
18
14
10
8
8
8
9
10
11
13
13
14
20
28
35
36
32
26
20
15
12
13
14
15
16
16
15
15
15
16
16
6
7
8
9
10
12
14
18
22
26
27
25
24
22
20
17
15
14
14
13
14
14
16
21
27
33
39
42
41
37
32
26
21
15
10
7
6
7
8
10
11
13
14
13
12
13
16
18
17
16
14
13
11
10
12
14
15
16
16
16
15
16
17
17
6
7
8
10
11
13
16
20
25
29
30
28
25
22
19
17
15
13
12
12
13
15
18
24
32
42
53
59
58
50
39
28
20
14
9
6
6
8
10
12
13
15
16
15
13
13
14
13
12
11
11
11
10
10
11
13
14
15
16
16
16
17
18
18
7
8
9
10
12
14
17
21
26
30
32
31
28
23
20
18
16
14
13
13
14
16
21
29
41
56
74
83
80
65
47
32
21
14
9
7
8
9
11
13
14
16
17
17
15
14
14
13
11
11
11
10
9
9
10
12
14
15
16
17
17
18
18
18
8
8
9
10
11
15
18
21
25
29
33
33
31
26
22
19
17
15
14
13
14
17
24
36
54
79
105
117
109
86
58
37
23
14
9
8
9
10
11
12
14
16
18
18
16
14
12
11
10
10
10
9
7
7
8
10
13
14
15
15
16
17
17
17
9
9
9
9
11
14
17
19
22
26
31
35
33
28
23
18
16
15
14
14
14
18
28
46
74
110
145
160
146
112
74
45
26
15
10
9
10
10
10
10
13
16
18
18
16
13
11
10
10
10
9
8
7
6
7
9
11
12
12
13
14
15
15
15
10
10
9
10
11
14
17
18
21
25
30
34
34
29
22
17
14
14
14
14
15
20
33
57
96
143
185
203
185
141
93
55
32
18
12
11
11
10
9
9
10
13
16
17
15
13
11
10
10
10
10
9
8
8
8
9
9
10
10
10
11
12
12
12
9
9
9
10
12
15
18
19
20
24
28
32
31
26
20
15
13
14
15
16
17
22
37
68
114
171
218
237
218
170
114
68
39
23
15
13
13
12
10
9
9
10
13
14
14
13
11
11
11
11
10
10
10
9
9
9
9
9
9
10
11
11
11
11
7
7
8
10
13
16
18
18
19
22
26
28
27
23
18
15
14
16
18
18
19
24
41
74
124
184
234
255
237
188
129
79
45
27
18
15
15
14
13
11
9
9
10
12
12
12
11
11
12
11
11
11
10
10
9
9
10
10
10
10
10
11
12
12
6
6
7
9
12
15
16
17
18
20
23
25
25
22
18
16
16
18
19
19
20
25
42
74
123
181
229
250
236
192
135
85
50
30
20
17
16
15
14
13
10
9
10
11
12
12
12
12
13
12
12
11
11
10
10
10
11
10
10
10
10
11
12
13
6
6
7
8
10
13
14
14
15
17
20
22
23
22
20
18
18
18
19
19
19
25
41
70
114
165
208
229
219
183
135
89
55
34
23
18
16
15
14
13
11
10
11
12
13
14
14
14
14
13
13
12
11
10
9
10
10
10
9
8
9
10
11
11
8
9
9
9
10
12
13
13
12
13
16
19
22
22
20
18
16
16
16
16
18
23
38
63
100
141
176
195
192
168
132
95
64
41
27
19
15
13
13
12
11
11
12
14
15
15
14
13
14
14
13
12
11
9
8
8
9
9
9
7
7
7
8
8
11
12
12
12
12
12
13
12
11
11
13
16
19
21
20
17
15
14
14
14
16
21
34
55
84
116
144
160
162
151
131
104
77
51
32
21
15
12
12
11
10
10
12
14
15
14
13
12
13
14
14
12
10
8
7
7
8
9
9
7
6
6
6
6
14
14
14
13
12
12
12
12
11
11
12
14
17
19
18
16
14
12
12
13
15
20
30
47
70
94
115
128
135
136
129
113
89
61
37
22
14
12
11
11
10
10
11
13
13
12
11
11
12
13
13
11
10
8
7
7
7
9
9
8
7
7
7
7
15
15
14
13
11
11
11
12
12
12
12
13
15
17
17
16
14
13
12
13
15
19
27
41
58
77
92
102
111
120
124
118
98
69
41
23
14
11
12
12
12
11
11
11
11
10
10
10
11
11
11
10
9
8
8
7
8
9
10
9
9
9
10
10
16
16
14
12
10
10
12
13
14
14
13
13
14
15
15
14
14
13
12
13
14
18
24
35
49
63
74
82
91
104
117
118
101
72
43
24
14
12
12
12
13
12
11
11
11
10
10
10
10
9
9
9
10
10
10
9
10
11
11
10
10
10
11
11
15
15
13
12
11
11
14
16
17
16
14
13
12
12
11
12
13
14
13
13
14
16
22
31
42
53
61
68
79
95
112
117
102
73
44
24
15
11
11
12
13
14
13
13
13
11
10
9
8
8
8
9
11
12
12
12
11
12
12
11
10
9
9
9
14
14
13
12
12
14
17
20
20
18
16
13
11
9
9
10
12
14
15
15
14
16
21
29
39
48
55
63
76
96
115
120
103
73
43
24
15
11
9
10
13
15
15
15
15
13
11
9
8
8
8
10
13
14
14
13
13
13
13
12
9
7
5
5
12
12
12
12
13
15
19
22
22
20
16
13
10
8
8
9
11
14
16
16
16
17
21
28
37
46
55
66
82
104
122
124
104
72
42
23
14
11
9
10
12
15
16
16
15
13
11
9
9
9
10
12
14
15
15
14
14
14
13
12
9
5
3
2
9
10
11
12
14
16
19
22
23
20
17
13
10
8
8
9
11
14
17
18
17
17
20
25
33
43
55
70
89
110
125
122
100
69
40
23
15
11
10
10
11
13
14
14
12
11
9
9
10
10
11
12
14
15
15
14
14
13
13
11
9
5
3
2
7
8
9
11
14
17
20
22
22
20
17
12
9
8
8
9
11
14
17
18
18
17
18
21
28
38
53
71
90
108
119
115
94
65
39
22
15
11
10
10
10
10
10
10
9
8
8
10
12
11
11
11
12
15
15
14
13
12
12
12
10
7
4
3
6
7
9
11
14
17
20
22
22
20
17
13
10
9
10
11
12
14
16
17
17
16
16
18
23
33
50
69
87
102
111
108
90
64
39
22
13
10
9
9
7
6
6
5
5
6
8
10
12
11
9
9
10
13
15
13
11
10
11
12
12
9
7
6
6
7
9
11
13
16
19
22
22
21
20
17
15
13
13
13
13
14
15
15
14
14
14
15
21
32
49
67
85
100
111
110
94
69
43
23
12
8
8
8
6
4
3
3
3
5
8
11
12
10
8
8
9
12
13
12
10
9
10
12
13
12
11
10
7
7
9
11
12
15
17
20
22
24
26
27
26
22
19
16
14
13
13
12
11
11
12
15
22
34
52
71
90
108
123
125
109
80
49
25
12
7
7
7
6
4
3
2
3
5
8
10
11
10
9
8
9
11
12
11
9
9
10
12
14
14
14
14
8
8
10
10
10
11
14
18
22
28
36
42
42
35
26
20
15
12
10
9
9
10
13
16
24
37
57
80
104
127
144
147
128
93
57
29
13
8
7
8
7
5
4
4
4
6
8
10
10
10
10
10
10
11
11
10
9
9
10
12
14
16
17
17
9
9
9
8
8
9
12
16
23
32
45
55
57
47
34
23
16
11
9
8
9
11
14
18
25
40
64
93
123
148
164
163
139
100
60
31
16
10
9
9
9
8
7
6
5
6
8
10
10
9
10
12
11
10
10
10
10
10
12
13
15
16
17
17
10
9
7
6
6
7
11
16
24
35
50
63
65
55
39
26
17
12
10
10
12
14
16
19
28
45
72
106
140
164
173
164
134
94
57
30
17
12
11
11
10
10
10
9
7
7
9
10
10
10
11
12
11
9
9
10
11
12
13
14
16
16
16
15
10
9
7
5
5
7
11
17
25
36
50
62
65
56
41
28
19
13
12
12
13
15
18
23
33
53
82
118
151
170
169
149
115
78
47
26
17
14
13
12
12
12
12
11
9
8
9
9
9
10
11
11
9
7
6
9
11
13
13
14
15
15
14
13
10
9
8
7
7
9
12
18
25
34
46
57
59
52
40
29
21
16
14
13
14
16
20
28
41
61
89
122
150
163
154
128
93
61
37
23
16
14
13
13
13
14
15
14
12
10
9
9
9
9
10
10
8
5
4
7
10
11
12
13
13
13
12
11
11
11
11
11
11
11
13
17
23
30
39
47
49
45
37
29
23
18
16
15
15
17
22
33
47
66
89
114
135
143
133
106
75
48
30
20
15
12
11
11
13
15
16
16
14
12
10
10
9
8
8
9
7
5
3
4
7
9
9
10
10
11
10
10
14
14
15
14
13
13
15
17
19
23
30
37
39
37
32
27
23
19
17
16
16
18
24
34
48
63
78
95
110
116
107
86
61
40
27
19
15
11
9
10
12
15
17
17
16
14
12
11
10
8
8
8
7
5
3
4
6
7
7
7
7
9
9
9
16
16
17
16
14
14
14
14
15
17
23
28
31
30
27
23
20
18
17
17
17
19
24
32
42
51
60
70
79
84
78
64
48
34
24
19
15
12
9
10
12
14
17
18
18
17
15
13
11
9
9
9
9
8
6
6
7
7
6
6
6
8
9
10
16
16
16
14
13
12
12
11
11
13
17
21
23
23
20
17
16
16
16
16
17
18
22
27
33
37
41
46
52
55
52
44
35
27
21
18
15
13
12
11
12
14
16
17
18
17
16
15
13
11
10
11
12
12
10
10
10
10
8
7
7
8
10
11
15
15
14
12
11
10
9
8
9
11
14
16
18
17
14
12
12
13
15
15
15
16
18
22
24
26
27
30
32
34
33
29
24
20
17
16
16
15
14
14
13
14
15
16
16
16
16
15
14
12
11
12
14
14
14
14
13
12
11
10
9
9
10
11
13
13
12
10
9
9
9
9
10
11
13
13
14
13
11
9
10
12
14
15
14
13
14
17
19
20
20
21
21
22
21
20
17
15
14
14
15
16
16
15
15
15
15
14
14
14
14
14
13
12
12
12
14
15
15
15
14
13
13
12
11
11
10
10
12
11
10
9
9
10
11
12
13
13
13
12
11
11
10
9
9
11
13
14
13
11
12
14
16
17
17
16
15
15
15
16
15
12
11
12
13
14
15
15
14
14
13
12
12
12
11
11
11
11
12
13
14
14
13
13
13
13
13
13
12
11
10
9
10
9
9
8
10
11
13
14
15
15
13
11
10
11
11
11
11
11
11
12
11
10
10
12
14
15
15
13
12
12
13
14
13
11
10
10
10
11
12
13
13
13
12
11
10
10
10
10
11
12
13
13
13
12
12
11
11
11
11
11
11
10
8
8
8
8
8
8
10
12
13
14
15
15
14
12
10
11
12
13
13
11
10
9
9
8
9
11
12
13
13
12
10
10
11
12
11
10
9
9
9
9
10
11
12
12
12
11
11
11
11
11
11
13
13
13
12
11
10
11
11
10
10
9
9
9
8
7
6
6
7
8
9
10
11
12
14
16
15
12
10
11
13
15
14
12
10
8
8
8
9
10
10
12
12
11
10
9
10
11
11
11
11
10
9
9
9
11
12
12
11
11
11
12
12
12
12
12
13
12
12
11
11
12
12
11
9
9
9
9
8
8
6
6
7
8
9
9
9
10
13
15
15
12
10
10
13
16
16
14
11
9
9
9
10
9
10
11
12
11
10
11
12
12
13
14
14
13
12
10
10
11
12
11
11
11
12
12
13
12
11
11
10
11
12
12
12
13
13
11
10
9
10
10
10
10
7
7
7
8
8
8
8
9
11
14
14
11
9
10
13
16
17
15
12
10
10
10
10
9
10
11
12
11
11
12
14
15
15
16
16
15
14
12
11
11
11
11
11
11
12
12
12
11
10
9
9
10
11
12
13
13
13
11
10
10
11
11
12
13
8
8
7
7
7
8
8
9
11
12
11
9
8
10
13
16
16
15
13
12
12
12
11
10
10
10
10
10
10
12
15
16
16
15
15
15
14
13
12
11
11
11
12
12
12
11
10
10
9
8
9
9
10
11
12
12
11
10
10
10
12
12
14
14
9
9
8
7
7
8
9
10
10
10
9
8
8
10
12
14
15
14
12
12
12
13
12
11
10
8
7
7
8
10
13
14
13
13
12
13
13
13
12
11
12
13
13
13
12
11
10
9
9
10
9
8
8
9
10
10
10
9
10
11
12
13
15
16
9
8
8
7
8
9
10
10
9
8
6
7
9
11
12
13
13
12
11
11
12
13
13
11
9
7
5
6
7
8
10
11
11
10
10
11
12
13
12
12
13
14
14
14
12
11
11
11
11
11
10
8
7
8
9
10
10
10
11
12
13
14
15
16
7
7
8
8
8
9
9
10
8
6
5
6
9
12
12
12
11
9
9
10
11
12
12
11
9
7
6
6
7
8
8
9
9
8
9
10
11
13
13
13
14
14
14
13
12
12
13
13
14
13
10
8
7
8
9
10
10
11
12
12
13
14
16
17
7
7
8
8
8
8
9
9
8
6
5
6
9
12
13
12
10
8
8
9
10
11
11
10
9
7
6
7
8
8
8
8
8
8
8
9
11
13
13
13
14
14
13
13
12
13
14
15
15
13
10
7
6
8
9
10
11
11
12
12
13
14
16
17
