64 64 255
10
9
8
8
9
13
17
16
14
12
11
12
12
12
11
11
12
13
15
15
13
10
7
4
3
4
8
11
12
10
7
6
6
6
8
12
15
15
12
10
8
7
6
6
9
13
15
16
17
20
20
19
17
16
15
14
11
9
8
10
13
13
10
9
10
9
8
8
10
13
16
16
13
12
12
12
13
12
12
11
11
12
13
13
11
9
6
4
3
5
8
11
12
10
7
6
5
6
8
11
13
13
11
9
7
6
5
6
9
13
15
15
17
19
20
18
17
16
15
14
12
10
8
9
11
11
9
7
9
9
8
8
10
14
16
15
13
12
12
14
14
14
13
11
11
11
11
10
8
6
5
4
5
6
9
11
12
10
7
5
5
6
7
9
10
10
9
7
5
5
5
7
10
13
14
14
15
18
18
17
16
15
15
15
13
11
9
8
9
8
6
4
7
7
7
9
11
14
15
14
12
12
13
14
15
14
13
11
9
8
7
6
5
4
5
5
6
7
9
11
12
10
8
6
6
6
6
7
7
7
6
5
4
4
5
8
11
14
14
14
15
17
17
16
15
15
15
15
14
12
10
9
8
6
3
2
4
5
7
10
12
13
13
12
11
11
11
13
14
14
12
9
7
5
4
4
4
4
6
7
8
8
9
11
11
11
10
9
7
7
7
6
5
4
3
3
3
4
6
10
13
15
15
15
16
16
16
14
13
14
14
14
14
13
12
11
9
7
3
1
4
5
7
10
12
12
11
10
9
9
9
10
11
11
10
7
5
4
3
3
5
7
8
9
8
9
10
11
11
10
10
10
9
8
7
6
4
3
2
3
4
6
8
12
15
17
17
18
18
17
15
13
12
12
13
13
13
14
15
14
12
8
4
2
6
7
8
10
11
10
9
7
8
7
7
8
9
9
8
6
4
3
3
5
7
9
11
10
9
10
11
12
11
11
10
10
9
8
8
7
4
2
3
5
7
8
10
13
17
20
21
22
22
19
14
11
10
11
12
12
13
15
16
16
13
9
5
3
9
9
10
10
10
9
7
6
7
7
8
9
9
9
8
6
5
4
5
7
9
12
13
12
11
12
13
14
14
13
12
10
9
9
8
7
5
3
4
7
10
10
11
14
19
23
27
29
28
22
14
10
9
10
12
12
13
14
15
15
12
8
5
4
12
12
12
11
10
8
7
6
6
7
9
10
11
10
10
9
8
7
7
8
11
13
14
15
14
14
14
15
16
15
14
12
11
11
10
8
5
4
5
9
11
11
12
16
23
29
35
38
36
27
17
10
8
9
12
13
13
13
13
12
10
7
4
3
14
14
14
12
10
8
7
6
6
6
8
11
12
12
13
12
10
9
9
10
12
14
16
16
15
14
14
14
15
16
15
14
13
13
12
9
6
5
7
10
12
13
16
23
31
39
45
49
46
36
23
14
9
9
11
12
13
12
11
10
8
6
5
4
14
14
13
11
9
7
7
6
5
5
7
11
13
14
15
15
14
12
11
12
14
16
16
16
15
13
11
10
12
15
16
15
15
14
13
9
7
6
9
12
15
18
24
33
42
50
56
60
58
49
34
21
13
10
10
11
11
10
9
9
8
7
7
7
12
11
10
8
6
6
6
6
6
5
7
10
14
16
17
18
17
16
15
14
16
17
17
16
14
11
8
7
10
13
16
15
14
13
11
8
6
8
12
16
19
24
32
43
54
62
68
72
72
64
48
32
19
12
9
9
9
9
9
10
10
11
11
11
8
8
6
5
4
5
6
7
7
6
7
10
13
17
19
22
23
22
21
19
19
20
20
17
14
9
6
5
8
11
13
13
12
11
8
5
5
9
14
17
20
26
36
49
63
75
84
92
95
86
67
44
26
15
9
7
7
8
11
12
13
15
16
16
5
5
4
4
3
5
7
8
8
7
7
9
13
17
21
26
29
31
30
29
28
28
26
22
16
10
6
6
7
9
10
11
11
10
7
4
5
9
14
16
18
23
35
51
68
87
106
123
129
118
91
58
32
17
9
6
6
8
11
14
16
18
19
19
4
4
4
4
5
6
7
8
8
7
6
8
12
18
23
29
34
39
42
42
41
40
38
32
23
14
9
8
7
7
8
10
12
11
7
5
6
10
14
14
14
19
31
48
70
97
130
159
169
152
114
70
37
18
11
8
8
9
12
15
17
18
19
19
4
4
4
5
7
8
8
9
9
8
8
9
13
19
24
30
36
44
50
53
54
53
50
42
31
21
14
11
8
6
7
10
11
10
8
7
8
11
13
12
11
15
26
42
65
99
142
182
195
172
126
76
39
20
13
11
11
11
13
14
15
16
16
16
4
4
5
7
9
11
12
13
13
13
12
13
16
20
23
27
32
41
50
56
60
61
59
52
41
30
21
16
11
8
8
9
10
10
9
9
10
12
13
10
8
11
19
32
52
85
130
173
185
161
115
69
36
19
13
12
12
13
13
14
13
12
12
12
4
4
6
9
12
15
17
20
21
20
18
18
19
21
21
21
25
33
44
54
60
64
65
62
54
42
31
22
16
12
10
10
10
10
10
11
11
12
11
9
8
9
14
21
34
59
96
130
140
121
86
52
29
16
12
12
13
14
14
14
12
10
9
9
6
7
10
13
17
20
25
30
32
29
25
22
21
20
18
16
19
27
40
51
59
65
70
72
68
56
42
31
22
16
13
11
11
12
13
12
11
11
10
9
9
10
11
14
20
35
59
81
87
75
53
34
21
14
11
12
13
15
15
15
13
10
8
7
10
11
14
18
21
26
33
41
44
41
34
26
22
19
16
15
17
26
38
49
57
65
74
81
82
72
57
42
30
21
15
12
12
13
13
12
9
8
8
10
11
12
11
10
12
19
32
44
47
41
30
22
17
14
12
12
13
14
15
15
13
10
7
6
13
14
16
20
25
31
40
49
54
52
44
34
26
21
19
17
20
27
36
45
52
61
75
89
97
92
79
64
48
32
19
12
11
11
11
9
6
5
6
8
11
12
10
9
9
13
19
25
27
24
20
17
16
15
13
13
13
13
14
14
13
10
8
7
13
14
16
20
26
34
44
54
61
62
57
47
38
30
26
24
24
27
33
38
44
55
74
97
114
119
115
102
79
52
29
15
11
9
8
7
5
3
4
6
8
9
8
7
8
11
15
18
19
17
16
16
17
16
14
12
10
11
12
12
11
10
8
7
11
11
13
18
26
35
45
56
64
70
71
67
59
48
39
32
29
28
29
32
37
51
75
106
135
156
164
153
121
80
44
23
13
9
8
7
6
4
4
4
5
5
5
6
8
11
13
14
14
14
15
16
17
17
14
11
9
9
10
10
10
8
7
6
8
8
10
15
24
34
44
53
62
73
82
86
81
69
54
42
36
33
30
30
35
51
79
117
157
192
210
200
161
108
62
32
18
12
8
8
7
7
6
5
4
4
4
6
9
10
11
11
12
12
14
16
17
16
14
11
9
9
10
10
9
7
6
5
6
6
8
13
21
31
40
48
56
69
83
93
92
81
66
54
48
45
41
39
42
57
86
127
172
213
235
224
182
126
76
42
24
16
11
10
10
10
10
8
6
6
6
8
10
9
8
8
10
11
13
15
15
14
13
11
10
10
11
12
11
8
5
4
6
6
9
13
19
27
33
39
46
58
73
84
87
81
73
67
67
67
62
56
54
65
91
128
171
211
231
221
184
133
85
51
32
22
18
16
16
17
17
15
13
11
11
12
13
10
8
7
9
11
13
14
13
12
11
10
10
11
12
13
13
10
7
6
6
8
10
13
17
21
25
29
35
45
57
67
72
74
75
80
87
90
85
74
66
70
88
118
154
188
206
199
170
129
88
57
39
30
27
25
25
26
28
28
25
21
19
18
16
13
9
8
9
11
12
11
11
9
9
9
9
10
11
13
14
12
11
10
7
9
11
14
16
17
19
22
26
33
41
50
57
64
74
86
98
103
99
86
74
70
77
97
126
154
170
168
149
118
86
61
44
36
33
32
33
36
41
44
41
34
29
24
21
17
13
12
11
11
10
8
7
6
6
6
7
8
9
10
12
13
12
12
10
11
13
15
15
15
15
17
21
26
32
38
45
54
67
81
95
101
98
87
73
62
61
73
95
120
136
138
125
105
82
62
48
39
35
33
35
41
50
56
55
47
38
31
26
22
19
16
13
11
9
7
5
4
4
5
5
5
5
7
9
11
12
13
14
15
16
17
16
15
15
16
19
23
27
31
37
45
56
69
81
88
88
79
65
51
45
50
68
90
107
111
105
93
79
65
51
40
32
29
32
40
51
60
62
55
46
37
32
28
24
19
15
12
9
7
6
4
4
4
4
3
3
3
5
8
11
13
16
17
18
19
17
15
15
18
21
24
25
27
31
37
46
56
67
74
75
69
55
41
33
36
49
68
84
92
92
89
82
71
57
42
31
25
27
35
46
57
60
56
49
42
37
33
27
20
15
11
9
8
8
7
6
4
3
2
2
3
4
8
11
13
14
15
17
17
16
15
17
22
26
27
26
25
27
31
38
47
58
66
69
63
49
36
28
30
40
55
69
80
87
92
91
82
66
48
33
25
26
31
40
48
52
51
46
42
38
34
28
20
15
11
10
10
10
10
8
5
2
1
1
2
4
7
10
12
11
12
14
14
14
16
21
29
34
33
28
25
25
27
32
41
54
66
72
68
55
41
34
34
41
52
64
76
89
99
103
96
79
57
38
27
25
28
33
37
40
41
39
37
34
31
25
19
15
13
12
12
12
13
10
6
2
0
0
1
3
5
7
8
7
8
10
12
14
20
30
41
46
41
33
26
23
23
27
36
52
71
85
87
76
61
53
51
56
63
71
81
92
105
112
108
91
67
44
30
24
24
25
27
28
29
29
28
27
24
21
17
14
14
14
14
14
14
12
7
3
0
0
1
3
3
3
3
4
5
7
11
18
29
43
56
60
52
39
28
22
20
22
32
51
78
103
115
109
95
85
83
87
90
91
92
98
110
119
117
100
73
47
29
21
19
19
19
19
20
21
20
20
19
16
14
14
15
16
16
15
14
12
9
5
1
0
0
2
2
1
0
2
3
5
11
21
37
56
71
75
62
43
29
22
20
21
30
52
86
123
146
146
134
124
124
128
127
118
108
107
116
125
124
106
77
49
29
18
15
14
14
14
14
15
15
15
14
13
12
12
14
15
16
15
14
12
9
5
2
0
0
2
2
1
1
4
4
6
11
22
40
62
80
83
67
46
31
25
25
28
39
63
101
144
174
178
168
160
161
165
160
143
126
119
125
133
129
110
81
51
29
17
12
12
12
12
12
12
12
11
11
10
9
10
11
12
13
13
12
11
9
5
2
0
1
3
4
3
3
9
8
8
12
21
38
60
78
81
67
47
34
32
38
47
63
91
131
173
202
206
195
185
184
187
179
159
139
129
133
138
134
115
86
56
32
17
11
10
11
11
11
12
11
10
8
8
7
7
7
8
9
10
11
10
7
4
2
2
4
6
6
6
5
14
13
12
14
22
35
54
68
72
61
46
39
44
59
79
104
135
172
208
230
229
212
196
191
189
179
160
140
130
133
137
133
116
91
63
38
20
12
11
12
12
11
11
10
9
8
7
7
6
6
6
7
9
9
8
5
3
2
4
6
8
8
7
6
18
17
16
16
22
32
45
56
59
54
48
49
63
89
121
152
182
211
236
247
238
215
192
179
172
161
144
127
120
122
128
127
114
92
66
42
24
16
14
14
13
12
11
10
9
8
8
8
7
7
7
7
8
7
6
5
4
4
5
7
9
8
7
6
18
18
16
16
21
29
38
45
49
51
55
68
92
127
165
196
216
232
244
246
230
202
173
154
143
132
120
108
103
107
115
117
107
88
64
42
26
17
15
14
13
13
13
12
11
9
8
8
8
7
6
7
7
7
6
6
5
5
6
7
7
7
6
6
15
15
14
15
18
24
30
34
40
51
69
96
132
173
210
231
236
236
236
229
208
176
144
121
109
101
94
88
86
92
100
104
96
78
57
37
23
16
13
12
12
13
14
14
12
10
9
8
7
5
4
5
7
8
7
7
7
6
6
5
5
4
5
5
11
10
10
12
15
19
22
26
34
52
83
124
170
215
245
254
244
230
219
205
180
146
114
92
80
74
72
71
73
79
87
89
82
67
48
32
20
14
11
10
10
11
13
14
13
11
10
8
6
4
4
6
8
10
9
8
6
5
4
4
3
3
5
5
6
6
7
9
13
15
16
19
29
50
87
136
188
231
255
254
236
215
197
178
151
118
89
69
60
56
56
59
63
69
73
73
66
54
39
27
18
13
11
10
9
10
11
11
12
11
10
8
6
4
5
8
12
13
12
9
6
4
3
4
4
5
6
7
5
5
6
8
11
12
12
14
23
42
75
118
164
201
219
217
201
181
163
144
120
92
68
53
47
45
45
48
53
58
59
57
50
40
31
23
18
15
12
11
10
9
9
9
10
11
10
8
6
6
8
11
14
15
13
10
7
5
5
6
6
6
6
7
6
5
6
8
10
10
9
11
19
32
52
80
110
135
150
151
141
129
117
103
85
66
51
42
39
37
36
38
42
46
46
43
37
30
24
20
18
16
13
12
10
9
8
8
10
12
12
9
7
7
9
11
12
13
12
9
8
7
7
8
7
6
5
5
9
9
8
8
8
8
8
11
16
23
32
44
58
71
81
85
83
78
72
64
54
44
37
33
32
31
30
30
32
35
35
33
28
24
20
18
17
15
13
11
10
9
8
9
11
13
13
11
8
7
7
7
7
7
7
7
8
8
9
8
6
4
4
3
13
12
10
7
7
7
9
11
14
17
19
22
27
32
38
42
43
42
39
36
32
29
27
26
26
26
24
24
25
27
28
26
24
20
18
16
15
13
11
9
8
8
8
10
11
13
13
12
10
8
6
4
3
3
4
5
6
8
8
6
5
3
3
3
14
13
10
8
7
9
11
12
14
15
16
16
17
19
21
23
24
24
21
20
20
21
21
21
20
20
20
20
21
22
22
22
20
17
15
14
12
11
10
8
7
6
8
10
11
12
12
11
11
9
6
3
1
1
3
5
6
7
7
6
5
4
4
4
14
13
11
9
10
12
13
13
13
14
16
17
18
17
16
16
17
16
14
13
14
16
18
17
16
16
17
18
18
18
18
17
15
13
11
10
10
10
9
8
6
6
7
9
10
11
11
11
10
9
7
4
2
3
5
7
8
7
7
6
5
5
5
5
13
12
10
10
11
14
14
13
13
14
17
18
19
17
14
13
13
12
11
9
11
14
16
16
15
14
15
15
15
15
13
11
9
7
7
8
9
9
9
9
7
7
7
8
10
11
11
11
10
10
8
7
6
7
9
11
11
10
9
8
6
6
6
6
11
10
9
10
12
15
15
14
13
14
17
19
19
17
13
11
10
10
9
9
10
12
14
15
15
14
14
14
13
11
9
6
3
3
5
7
9
10
9
9
9
9
9
9
10
11
12
11
11
10
10
9
9
10
11
13
13
12
10
7
6
6
6
6
11
10
9
9
12
15
15
13
11
12
15
18
18
16
13
11
10
9
9
9
9
10
11
13
14
15
15
14
12
10
7
3
0
1
4
7
9
9
8
9
10
11
11
10
10
11
12
12
11
11
12
11
10
10
10
11
12
11
9
7
5
6
6
6
11
10
8
8
10
12
13
11
9
9
12
15
16
16
14
13
12
11
10
10
9
8
8
10
12
14
15
14
11
8
6
3
1
2
5
7
8
7
7
8
10
11
10
9
9
11
11
10
10
12
13
12
10
9
8
8
9
8
7
6
6
6
6
6
12
11
8
7
8
9
10
8
7
7
9
11
13
14
14
15
14
13
11
9
7
6
6
8
11
14
15
14
11
8
6
5
4
5
6
7
7
6
5
5
7
8
7
6
7
9
10
9
9
12
14
13
11
8
7
6
6
6
6
7
7
7
6
6
11
10
9
7
7
7
7
6
5
6
8
9
10
12
14
15
14
13
10
7
5
5
6
8
11
14
15
15
12
9
7
7
7
8
8
7
6
5
4
4
5
5
4
4
6
9
9
8
9
11
13
13
11
9
7
6
4
4
5
6
7
7
5
5
9
9
9
8
8
7
6
5
5
7
8
9
10
12
14
14
13
11
8
5
4
5
6
8
10
13
15
15
13
10
9
9
10
10
9
7
6
5
5
5
4
4
3
4
6
9
10
9
10
11
12
12
10
9
7
5
3
2
3
5
5
4
3
2
10
10
11
10
9
8
7
6
7
8
9
10
11
13
14
14
12
10
7
6
5
6
7
8
9
12
14
16
15
12
10
10
11
11
9
7
7
7
7
6
5
5
5
5
7
9
10
10
11
11
10
10
9
8
7
5
3
2
2
3
3
2
1
1
14
14
13
12
10
9
8
8
7
9
11
12
12
13
15
15
13
11
9
7
6
6
6
7
9
11
14
16
15
13
10
9
10
10
9
7
8
9
8
7
6
6
6
6
7
8
9
10
11
10
9
8
7
7
7
6
4
2
2
3
4
3
2
2
19
18
16
13
10
10
9
8
8
9
11
12
12
13
14
15
15
14
12
9
7
6
7
7
9
11
12
14
14
12
9
7
8
9
8
7
8
9
9
8
7
7
7
7
8
8
9
10
10
10
9
7
7
8
9
9
7
4
3
4
6
6
6
6
19
18
16
13
10
10
10
9
9
9
10
10
11
11
13
15
15
15
12
9
7
7
8
9
9
10
11
12
12
10
7
6
7
8
9
8
8
9
9
9
8
7
8
9
9
9
9
9
10
10
10
8
8
9
11
11
8
5
3
5
8
9
10
10
17
16
13
11
10
10
11
10
9
7
7
9
10
11
13
14
14
13
10
8
8
9
10
10
10
10
10
12
11
8
6
6
7
10
10
9
8
9
10
10
9
8
9
10
11
12
11
11
11
12
12
11
10
9
10
10
6
3
3
5
9
11
11
11
14
13
10
8
9
11
12
11
8
5
5
8
11
13
14
14
13
11
8
7
8
10
12
12
11
10
11
12
11
8
6
7
9
11
11
10
9
9
11
11
11
11
11
12
13
14
14
13
13
14
14
14
11
10
9
8
4
1
1
5
8
10
11
12
13
11
9
7
8
11
13
12
8
5
4
7
11
14
15
14
12
10
7
6
8
11
12
12
11
11
11
12
11
8
6
7
9
12
12
10
10
10
11
12
12
12
12
13
14
14
15
14
13
14
15
15
12
10
9
7
3
0
0
4
8
10
11
11
