64 64 255
14
14
13
10
5
4
6
8
10
10
10
9
8
6
6
8
10
13
14
13
11
9
8
7
7
7
8
10
11
9
6
4
5
7
9
10
10
9
6
3
1
2
4
7
10
11
12
11
12
13
14
13
12
13
12
12
12
13
13
10
6
5
6
6
13
13
13
9
6
5
6
9
9
9
8
8
7
6
6
7
10
12
14
13
12
10
9
8
7
7
8
10
10
8
5
4
5
7
9
10
10
9
7
4
2
2
4
7
10
11
12
11
11
12
12
12
12
13
13
12
12
13
12
10
7
6
6
7
13
13
12
9
6
6
7
9
8
7
7
7
7
6
6
7
8
11
13
13
12
12
11
9
8
8
8
8
7
6
5
5
5
7
8
10
10
9
8
6
5
5
7
8
10
13
14
13
11
10
9
9
10
12
13
14
13
12
11
9
8
8
8
8
13
12
11
8
6
6
7
8
7
6
6
7
8
8
8
7
7
9
12
13
13
14
13
12
10
9
8
6
5
4
5
6
7
8
9
10
11
10
9
8
8
9
10
11
13
16
19
19
16
12
9
7
8
11
13
15
14
12
10
8
8
9
9
9
11
11
11
9
7
6
6
6
5
4
5
7
9
10
10
8
6
7
10
12
13
15
15
14
13
10
8
5
3
3
5
7
9
9
10
11
11
10
10
10
11
12
14
15
18
23
28
29
25
19
13
9
8
9
11
14
14
12
9
7
8
8
9
9
11
11
10
8
7
5
4
3
2
2
3
6
10
12
12
10
7
6
8
10
12
14
15
15
13
11
8
5
3
3
5
8
10
10
10
10
10
10
10
11
13
14
16
19
24
32
39
42
38
30
21
15
11
9
10
12
13
12
10
7
7
7
8
8
11
10
9
8
6
5
3
2
0
0
1
5
9
13
14
12
8
7
7
9
11
12
13
13
11
10
8
6
4
4
6
9
11
11
9
8
8
9
11
12
12
13
16
21
30
40
50
55
52
42
32
22
16
12
10
11
13
13
11
8
6
6
6
6
12
11
9
7
6
5
4
2
0
0
2
6
10
13
14
13
10
8
8
9
11
11
11
11
10
10
10
9
8
7
8
11
13
12
8
6
6
8
10
11
11
12
16
23
33
46
57
64
61
52
41
30
21
15
12
13
14
14
12
8
5
4
4
4
13
12
9
7
6
6
5
3
2
2
4
8
11
13
14
14
12
10
10
11
12
12
11
10
10
10
11
11
11
11
12
13
14
12
9
6
6
7
9
9
10
12
17
24
34
46
57
64
64
56
46
35
25
18
15
15
15
14
11
7
5
4
5
5
13
12
9
7
7
7
6
5
4
5
7
9
11
12
13
13
13
12
11
12
13
14
13
12
11
10
11
11
12
12
13
14
14
13
11
9
8
8
8
7
8
11
17
23
31
40
49
56
57
53
47
39
30
22
17
15
14
12
10
6
4
5
7
8
11
9
8
8
8
8
7
6
6
7
9
10
10
10
10
11
11
10
10
11
13
14
14
13
11
10
10
11
11
11
12
13
13
14
13
12
11
10
9
7
7
10
15
20
25
31
39
45
48
49
48
44
36
26
18
13
11
10
7
5
4
6
8
10
6
6
6
8
10
10
8
7
7
9
10
10
9
8
8
8
9
8
9
10
12
13
13
12
11
11
11
11
10
9
10
11
12
13
14
14
13
12
11
8
8
11
14
17
19
24
31
38
45
50
53
51
43
31
21
14
10
8
5
3
4
7
10
11
4
4
5
8
10
11
9
8
8
10
11
11
9
7
6
7
7
8
9
10
11
11
12
12
12
12
12
11
9
8
9
10
11
12
13
14
15
14
13
11
12
14
16
17
19
23
31
41
51
60
64
61
50
37
25
16
11
7
4
3
4
8
12
14
5
4
5
6
9
9
9
8
9
10
10
10
8
7
6
7
8
10
10
11
10
10
10
11
12
12
11
10
9
9
10
11
11
13
15
16
17
17
16
15
17
19
21
21
23
28
38
53
67
78
82
75
60
42
27
18
11
7
3
3
5
10
15
17
7
6
5
4
5
6
7
8
8
8
8
8
8
8
7
8
10
12
13
13
12
11
11
12
11
10
9
8
9
10
12
12
13
15
18
20
20
19
18
19
20
23
25
26
28
35
50
70
88
100
102
91
69
46
29
18
11
7
4
3
6
11
16
18
8
7
5
3
3
4
5
7
8
8
8
8
9
9
9
9
11
14
16
16
15
13
13
12
10
9
8
8
10
11
13
14
15
18
20
22
23
22
20
20
22
24
25
26
30
41
61
85
106
117
115
100
74
48
28
16
11
7
5
5
7
11
15
17
8
8
6
5
4
3
5
7
8
9
8
9
10
11
11
11
12
14
17
18
17
16
15
13
11
9
9
10
12
13
14
15
16
18
20
21
23
22
22
21
22
22
21
22
27
41
65
91
111
117
111
93
68
43
25
15
10
8
6
7
8
11
13
14
8
8
8
7
5
4
5
7
9
10
10
9
10
11
13
13
13
14
17
19
19
19
18
16
14
13
13
15
15
15
15
16
16
17
18
19
21
22
23
23
21
19
17
18
24
39
62
86
100
100
89
71
51
33
21
14
11
9
7
7
7
9
11
12
10
9
8
8
7
6
6
8
10
11
11
10
10
12
15
16
16
16
17
18
19
21
21
21
20
19
20
21
20
19
18
17
17
17
17
17
18
20
23
24
22
18
16
16
22
36
55
72
80
75
63
48
33
23
17
14
12
11
8
7
7
8
10
11
12
11
9
8
9
9
9
10
11
12
12
11
12
14
18
21
21
20
19
19
19
22
25
27
28
28
28
28
26
23
21
19
18
17
16
15
15
18
21
23
22
19
17
17
22
33
46
57
59
54
43
31
23
18
15
14
13
12
9
7
7
9
11
11
15
14
11
10
11
12
12
12
12
13
15
16
17
20
24
27
27
25
22
20
20
24
29
34
37
38
38
37
34
29
23
19
17
15
13
12
13
16
20
22
22
20
18
18
21
29
37
43
43
39
32
25
20
17
15
14
13
13
10
8
8
10
12
12
18
17
14
13
14
14
14
13
13
16
21
25
29
32
34
35
34
30
26
22
21
25
33
41
47
51
55
55
51
41
30
21
17
14
12
11
13
17
21
23
22
20
18
17
19
24
29
31
31
30
28
25
22
19
15
13
13
12
10
9
8
10
11
12
18
16
15
14
14
14
13
12
14
20
29
38
44
47
48
46
41
35
29
25
23
26
35
46
58
69
80
85
79
61
41
27
19
17
15
16
18
22
26
27
25
20
17
15
17
20
23
23
23
25
25
26
25
21
18
15
13
12
10
8
8
9
10
11
15
14
13
13
13
12
11
11
15
24
37
49
58
62
61
56
49
40
32
27
24
26
35
49
67
88
108
118
110
86
57
35
24
22
23
26
29
33
35
34
29
23
18
16
17
19
20
19
20
22
25
27
27
25
21
18
16
14
11
8
6
7
9
10
12
12
11
11
11
11
11
12
16
26
40
54
65
69
68
64
57
47
38
30
27
28
36
50
71
98
123
137
129
102
69
45
34
34
38
43
47
49
48
44
35
27
21
19
20
20
21
21
22
24
26
29
30
28
25
23
20
17
13
9
6
7
9
10
10
10
9
8
9
10
11
12
16
25
37
51
61
66
68
68
64
57
48
38
33
33
39
50
68
93
117
131
126
103
76
56
48
51
59
68
73
72
66
56
43
33
27
23
23
24
26
28
29
30
30
31
31
31
29
26
23
20
15
11
8
8
10
11
9
8
7
6
7
9
10
12
15
21
32
43
52
58
63
68
70
66
58
48
42
41
43
49
60
77
95
107
107
95
79
68
66
73
85
96
102
98
86
69
52
39
31
27
27
29
33
37
39
38
35
33
32
31
29
26
23
20
17
13
11
11
12
12
8
7
5
5
6
8
10
11
13
18
26
34
42
48
56
64
70
70
64
55
50
48
47
47
51
59
70
80
86
85
82
81
85
95
108
120
125
119
103
81
60
44
35
30
30
33
38
44
46
43
37
31
29
27
25
22
20
18
16
14
13
13
13
13
7
6
5
4
5
8
10
12
13
17
23
29
35
41
50
58
63
64
61
56
53
51
48
44
43
45
52
61
71
81
89
96
104
113
124
134
137
130
112
89
66
49
38
32
32
35
40
46
47
43
36
29
25
23
20
17
16
15
14
14
14
14
14
14
6
5
4
3
5
8
11
13
15
19
23
26
31
36
42
48
51
53
53
53
52
50
45
39
36
37
41
50
65
83
101
115
126
134
142
147
146
137
118
93
70
53
42
36
35
37
42
47
47
42
33
26
21
19
15
12
11
11
12
13
14
14
14
14
4
4
3
3
5
7
10
13
16
19
22
24
27
31
35
37
39
41
45
49
50
47
40
34
30
30
35
45
64
90
117
140
154
163
167
168
162
148
124
97
73
56
45
40
39
42
47
50
49
42
32
24
18
15
12
10
9
8
10
12
13
13
13
12
3
3
3
3
5
7
10
13
16
19
21
22
24
26
28
29
30
33
40
46
48
44
36
31
28
29
34
47
69
100
136
166
186
195
197
194
183
163
134
102
76
58
48
43
43
46
51
55
54
45
34
24
18
15
13
11
10
10
11
13
13
12
10
9
3
3
3
4
6
8
12
16
20
21
21
21
22
23
23
23
25
31
40
47
50
46
40
36
36
38
45
58
81
115
155
189
211
220
219
211
197
173
142
108
80
61
49
44
43
46
52
56
55
48
37
29
23
20
18
16
15
14
14
14
13
11
8
6
2
3
4
6
8
11
18
25
29
28
26
24
22
22
21
21
24
31
43
53
57
57
56
57
60
65
72
83
104
136
173
205
224
229
223
210
194
172
144
112
84
64
51
44
41
43
47
52
52
48
43
38
34
30
26
22
19
17
16
15
13
10
8
7
1
2
5
9
12
18
28
37
42
39
33
28
25
22
20
19
23
33
47
61
72
79
86
94
103
109
114
122
138
163
193
218
230
228
215
198
182
164
142
116
91
71
56
46
40
39
41
44
47
48
49
51
50
45
38
28
21
17
15
14
13
11
10
9
2
3
7
12
17
27
39
50
55
50
41
33
28
23
19
17
22
35
54
74
91
106
122
139
153
160
162
166
177
195
216
230
234
225
207
188
170
155
139
119
97
78
61
48
40
36
35
37
41
47
56
64
66
61
49
34
23
16
13
12
11
11
11
11
5
6
10
15
22
32
45
57
61
56
46
37
31
26
21
20
26
42
64
89
111
131
151
172
190
200
202
205
212
225
238
244
241
229
208
185
163
147
134
118
100
82
64
50
39
34
31
31
36
47
62
76
80
73
58
39
25
16
12
10
9
9
10
10
8
9
12
17
24
34
46
56
60
56
48
41
36
33
29
29
36
53
78
104
126
144
162
182
202
215
221
225
232
243
252
255
250
237
215
187
159
139
126
114
98
80
62
47
36
30
26
26
32
46
65
83
89
79
60
40
25
16
10
8
7
7
6
6
9
9
12
17
24
33
43
52
55
53
49
46
45
45
44
44
51
69
92
115
132
143
154
170
189
204
215
223
232
242
251
254
250
238
216
185
154
130
117
106
91
73
55
41
31
24
21
22
28
42
63
83
89
77
57
37
23
14
9
6
5
5
5
5
8
9
12
17
24
32
40
46
49
50
51
54
60
64
65
66
71
84
102
118
127
130
133
143
158
174
188
199
210
222
233
240
239
229
208
177
144
119
105
94
80
63
47
34
25
19
17
18
24
37
56
74
79
68
49
32
20
13
8
5
5
5
6
6
8
9
11
16
22
29
36
41
44
48
55
65
79
90
94
93
93
97
104
110
111
108
107
111
121
134
147
160
174
190
206
217
220
213
193
163
132
108
93
82
68
52
38
28
20
16
15
16
20
29
43
57
61
54
40
27
19
13
9
6
6
7
10
10
9
9
10
13
18
24
29
34
39
45
58
77
100
118
125
121
113
105
99
95
89
84
80
80
86
95
106
120
136
156
177
194
201
195
177
149
119
96
81
70
58
44
32
23
18
15
14
14
17
21
29
36
41
39
32
24
18
13
9
7
7
10
13
15
9
8
8
9
13
18
22
27
32
40
57
83
113
136
144
139
124
107
90
78
68
62
58
55
57
63
74
88
106
129
153
173
183
180
164
136
108
86
71
61
50
38
28
21
18
16
15
14
14
15
17
20
24
26
25
22
18
13
10
7
8
11
15
17
7
6
5
5
8
13
17
21
25
34
51
78
110
134
143
136
120
98
77
61
50
44
41
38
38
42
52
67
87
109
133
153
165
164
149
125
99
78
64
55
46
36
27
22
20
19
17
15
12
11
10
11
15
19
20
21
18
15
11
8
9
12
15
17
5
4
3
4
7
11
14
17
21
27
40
63
88
109
117
112
98
79
60
44
35
31
29
27
26
29
39
54
73
94
115
133
143
143
132
112
90
72
59
50
42
34
27
22
21
20
19
16
13
10
8
8
11
15
18
20
20
17
12
10
10
12
15
17
4
4
4
6
8
11
14
16
18
21
29
42
58
72
78
76
68
54
41
29
23
22
22
20
19
21
29
43
61
80
99
114
121
120
112
98
82
67
54
45
37
31
25
22
21
21
20
18
15
12
9
9
11
14
19
22
22
19
15
11
11
13
16
18
5
5
6
8
10
11
13
14
15
16
19
26
33
40
44
45
41
33
25
19
16
17
17
16
14
15
22
34
49
66
83
97
103
101
93
84
73
62
50
40
31
26
22
20
20
21
21
20
16
13
11
10
12
16
21
25
25
21
16
13
12
15
19
20
5
6
7
9
10
11
10
10
11
12
14
17
20
23
24
25
23
20
17
15
15
16
16
14
13
14
18
27
38
53
69
83
89
85
78
72
66
57
47
35
26
21
19
19
20
22
22
21
18
15
13
12
14
18
23
27
26
22
17
14
14
17
20
22
6
6
8
10
11
10
8
7
7
9
11
14
15
16
16
15
16
16
16
16
16
16
16
15
14
14
16
22
30
40
54
67
73
71
65
61
58
52
42
31
22
18
18
20
22
23
24
23
21
18
15
14
15
19
23
25
24
20
16
14
15
17
20
21
6
7
9
11
11
10
6
5
5
7
11
13
15
14
12
11
12
15
17
18
18
17
17
16
14
13
14
17
21
29
39
50
56
55
52
51
49
44
35
25
18
16
17
21
24
26
27
28
26
22
18
16
16
18
20
21
19
16
13
12
14
16
18
19
6
7
9
11
11
9
6
4
5
7
11
13
14
13
10
7
9
13
16
17
17
17
16
15
12
10
11
12
15
19
26
34
39
39
39
40
39
35
27
19
14
14
16
20
23
27
31
33
31
26
20
16
16
16
17
17
16
13
11
10
11
13
14
15
6
7
9
11
11
9
7
6
7
9
11
12
13
12
9
6
6
10
13
15
15
15
15
13
11
9
9
10
11
13
18
23
27
27
28
30
29
26
20
14
11
12
14
17
20
26
32
36
34
28
22
18
16
17
17
16
15
12
9
8
8
10
11
12
6
7
9
10
10
9
9
9
9
10
10
11
12
12
10
7
6
7
10
12
13
13
14
12
10
9
8
8
8
10
13
17
19
20
20
21
20
18
15
12
11
12
14
16
19
25
32
36
34
28
22
19
18
18
18
17
16
12
9
7
7
7
8
9
8
8
9
9
9
9
11
11
11
10
10
10
12
13
12
9
7
7
8
10
10
11
11
11
10
9
8
7
7
9
12
15
16
15
15
14
13
12
11
12
13
15
17
18
21
26
32
34
31
25
21
19
19
19
19
19
17
13
9
7
6
6
6
6
10
9
9
9
9
11
12
12
11
10
9
10
12
13
12
10
8
7
8
9
9
9
10
10
9
7
6
6
7
10
12
15
15
14
12
10
8
8
9
11
15
18
20
22
25
28
31
31
27
22
19
17
18
18
18
18
16
12
9
7
6
6
5
4
10
10
10
10
11
11
12
11
10
10
9
10
12
12
11
9
7
8
8
9
9
9
9
9
7
5
4
5
8
11
14
15
15
13
11
8
6
6
7
11
15
20
23
26
28
28
28
26
22
19
16
15
15
14
14
14
13
10
8
7
8
8
6
6
10
11
11
12
12
11
10
9
9
9
10
10
11
10
9
8
7
8
8
9
10
10
10
9
8
5
4
6
9
12
14
15
15
14
12
9
8
7
8
11
15
19
23
26
27
25
23
20
17
16
15
14
14
12
11
10
8
7
6
7
10
10
9
8
11
12
13
13
13
11
9
8
8
9
9
9
10
10
9
9
9
9
9
10
11
12
12
12
10
6
5
6
9
12
14
14
14
14
13
12
11
10
11
13
15
18
21
23
23
20
17
14
13
13
14
14
13
11
8
6
5
5
6
8
11
12
10
9
12
12
12
12
12
10
8
7
7
7
8
8
9
10
10
11
11
11
10
10
10
11
13
13
11
7
5
6
9
11
12
12
12
13
13
13
13
14
14
15
14
15
17
19
19
16
13
11
10
11
13
14
13
10
7
5
4
5
7
10
13
13
11
10
10
10
10
10
10
9
7
6
4
5
6
7
9
9
10
12
13
12
10
8
8
10
11
12
9
7
5
6
8
10
11
11
11
11
11
12
14
15
15
14
12
12
14
16
16
14
11
9
9
10
12
13
12
9
7
5
6
8
10
12
14
13
11
9
7
7
8
8
9
8
6
3
2
3
5
8
10
10
10
11
13
12
9
6
6
9
10
10
8
7
7
8
8
9
9
9
9
9
10
11
13
15
15
13
12
12
14
15
15
14
12
10
9
10
11
11
9
7
6
6
7
9
11
13
13
12
10
9
4
5
6
7
8
7
5
2
1
3
6
9
12
11
11
11
12
11
8
6
7
9
9
9
8
8
9
9
8
7
7
7
8
8
10
12
14
15
14
13
13
13
16
17
16
15
13
12
11
11
11
10
8
6
6
6
7
7
8
10
11
11
10
9
4
4
5
6
7
6
4
3
3
4
7
10
12
12
11
11
11
10
8
7
8
9
9
9
9
11
12
10
8
6
5
5
7
9
11
13
15
16
15
15
14
15
17
18
18
17
15
14
14
14
13
11
9
7
6
6
5
4
4
6
8
10
10
10
4
4
4
5
6
6
5
4
4
5
8
11
13
12
11
11
11
10
8
8
9
10
9
9
10
12
13
11
8
5
4
4
7
9
12
14
15
16
16
16
16
16
18
19
19
17
16
16
15
15
13
11
9
7
6
5
4
3
2
4
7
9
10
10
