64 64 255
7
7
6
5
3
4
5
8
11
12
11
10
8
5
2
0
0
2
4
4
3
3
4
7
8
8
7
6
7
9
10
10
10
10
9
7
5
5
5
6
7
7
8
9
9
7
3
1
1
2
4
5
6
6
5
5
5
5
5
5
6
7
6
5
7
7
6
4
3
3
5
8
10
11
10
9
8
5
2
0
0
1
3
3
2
2
4
6
8
8
7
7
7
9
9
10
10
10
9
7
5
5
5
6
6
6
7
8
9
7
4
2
1
3
4
5
6
7
6
5
5
5
5
5
6
7
7
6
7
7
6
4
2
2
4
7
10
10
8
7
7
6
4
2
0
1
1
1
0
0
3
5
7
7
7
7
7
7
8
9
10
10
9
7
5
4
4
5
5
5
6
7
8
8
6
3
3
4
5
7
7
7
6
6
6
6
6
6
6
7
8
8
7
7
6
4
2
2
4
7
9
9
7
7
7
7
6
5
2
1
2
2
1
1
3
5
7
7
6
6
5
6
7
8
9
9
8
6
5
4
4
4
4
5
6
7
8
9
8
6
5
5
6
7
8
8
8
7
7
8
8
7
6
7
8
8
8
8
7
5
3
3
4
7
8
8
7
7
7
9
9
7
5
4
4
4
4
4
4
6
7
6
5
5
5
5
5
7
8
8
6
5
4
3
4
4
5
5
6
8
10
11
11
10
8
6
6
7
8
9
9
9
9
10
9
8
6
5
6
7
9
8
8
6
5
4
4
6
7
8
8
8
9
10
10
9
7
6
7
7
7
6
5
6
6
6
5
5
5
4
5
5
6
6
5
5
4
4
4
4
5
6
8
10
12
15
16
15
11
8
5
5
7
9
10
10
9
9
9
8
5
4
4
5
9
9
9
8
6
5
4
5
6
7
9
10
10
10
10
9
9
9
9
9
8
7
6
6
6
5
4
5
5
5
5
5
5
5
5
5
4
4
4
4
5
7
10
13
16
19
22
21
16
11
6
5
6
8
9
8
8
8
8
7
6
4
4
3
10
10
9
8
6
5
4
4
6
8
10
11
11
10
9
10
10
10
10
9
7
6
5
6
6
5
4
4
4
5
5
6
6
6
5
5
5
4
4
5
6
9
13
16
20
23
26
26
22
16
10
7
6
7
7
7
6
6
6
7
7
6
5
4
10
10
9
7
5
4
4
5
6
8
10
11
10
9
9
10
11
11
10
8
7
5
5
6
6
5
4
3
3
4
5
7
8
7
7
6
5
4
4
5
8
12
16
19
23
26
30
32
30
25
19
14
11
8
7
6
6
5
5
7
8
8
7
7
9
8
7
6
5
4
4
5
7
9
10
10
8
7
8
10
12
12
10
8
7
6
5
6
6
5
3
2
1
2
4
7
9
9
8
6
5
5
5
8
11
16
19
23
26
30
34
38
39
39
35
28
21
14
10
8
7
6
6
7
9
10
9
9
7
6
5
4
4
4
5
6
8
10
10
10
7
6
7
9
10
10
10
9
8
8
7
7
6
5
3
1
0
0
2
6
9
10
9
8
7
7
7
10
15
19
24
28
32
36
41
46
53
58
57
49
36
23
15
11
9
7
7
8
9
9
9
9
3
3
3
4
4
4
5
6
8
10
11
10
7
5
5
7
8
9
9
10
10
10
8
7
6
5
3
2
0
0
2
6
9
10
10
10
9
8
9
11
17
23
29
36
41
46
51
59
70
79
81
71
52
33
20
13
9
7
7
7
8
8
8
8
1
1
3
5
6
5
4
5
7
9
10
10
8
6
6
7
8
10
11
13
13
12
10
7
6
5
4
3
2
2
4
7
10
12
11
10
10
9
10
12
18
26
35
45
53
59
68
78
90
100
101
87
64
40
23
13
9
7
6
6
6
6
7
7
0
1
3
6
6
5
3
3
5
7
9
10
10
8
8
9
11
14
17
18
18
16
11
7
5
4
4
3
3
4
6
10
13
13
12
10
9
10
11
13
18
27
39
51
62
72
85
99
111
117
113
97
71
44
24
12
8
6
6
6
6
6
7
7
2
2
4
6
6
4
2
2
3
6
8
9
10
9
10
12
15
19
23
26
25
21
14
8
4
3
3
3
3
5
9
13
14
14
11
9
8
10
11
13
17
25
37
50
62
77
95
112
122
123
115
97
72
46
25
12
8
7
8
8
7
7
8
8
3
3
4
5
5
3
2
1
2
5
7
8
8
8
10
13
17
23
28
31
31
26
18
9
4
3
3
3
5
8
11
13
14
12
9
8
8
10
12
13
16
22
31
42
53
68
89
108
117
114
104
88
67
44
25
14
9
9
10
11
10
9
8
8
3
3
3
4
4
3
2
2
3
4
6
6
6
6
8
12
16
21
25
28
29
25
18
11
6
4
3
4
7
10
12
12
10
8
6
6
7
10
11
12
13
17
23
29
37
50
67
84
91
88
81
70
56
39
24
15
11
10
11
12
12
10
9
8
3
3
4
4
5
5
4
4
5
6
7
8
7
6
6
9
13
16
19
21
21
20
16
12
9
6
5
7
9
11
12
11
8
5
2
2
5
8
10
10
10
12
16
19
23
30
41
51
55
55
52
47
39
29
19
14
11
10
11
12
11
10
9
9
3
4
5
6
7
7
7
7
8
10
13
13
12
9
7
8
11
12
13
12
12
13
13
12
11
9
9
10
12
12
12
11
8
4
1
0
3
6
8
8
8
9
10
12
13
16
20
24
27
28
29
27
23
18
14
11
10
9
9
10
10
10
9
9
5
5
5
6
8
9
8
8
10
15
20
21
19
15
11
10
10
10
9
7
7
8
10
12
13
14
15
16
16
15
14
13
10
7
3
1
3
5
6
6
6
7
6
6
6
7
8
9
11
14
16
16
13
11
8
8
7
7
7
7
8
9
9
9
7
6
5
5
7
9
9
9
13
20
27
29
26
20
15
12
10
9
7
6
6
7
10
13
18
23
27
29
28
24
20
17
14
10
6
4
5
5
6
5
5
5
3
2
2
3
4
4
6
9
11
11
9
6
5
5
5
6
6
6
7
8
9
9
8
7
5
4
5
7
8
10
15
24
32
34
31
24
18
12
9
7
6
5
6
8
11
16
25
36
47
52
49
40
30
22
16
13
9
7
7
6
6
5
5
3
1
0
0
1
2
4
6
9
10
9
7
5
4
4
4
5
6
7
8
8
8
8
8
7
4
3
5
7
9
11
17
26
34
37
33
26
18
11
7
4
4
4
6
9
13
22
37
58
78
88
82
64
44
28
19
15
12
9
8
7
6
6
5
3
1
0
1
2
4
5
7
9
10
9
7
5
4
4
4
5
7
8
8
7
7
7
7
7
5
4
5
7
9
11
17
26
34
37
34
27
18
10
5
3
3
3
4
8
16
30
54
87
119
134
125
96
63
39
24
18
14
11
8
7
6
6
5
5
3
3
4
4
5
5
6
8
9
8
7
6
6
5
5
6
7
8
7
7
7
7
8
7
6
6
6
7
8
10
15
23
30
33
31
24
16
9
5
5
4
3
4
9
21
42
76
121
163
183
171
133
89
55
34
23
17
12
8
6
5
5
5
5
5
5
6
6
6
4
4
6
7
7
6
6
7
7
7
8
8
7
7
7
8
9
8
8
8
7
7
7
7
9
12
17
23
26
24
18
11
6
6
7
7
6
7
14
29
56
98
152
202
226
214
172
121
78
49
32
21
14
10
6
4
4
4
5
5
5
6
7
6
5
4
4
5
5
5
6
8
9
10
11
9
8
7
8
9
10
6
7
8
7
7
7
7
8
9
11
14
17
16
11
6
4
6
10
11
10
11
19
35
65
111
169
223
252
243
204
151
103
67
43
28
18
12
8
4
3
3
4
4
4
5
6
7
6
5
5
5
5
5
7
9
11
13
13
11
9
8
9
10
10
4
5
6
6
7
7
8
8
7
7
8
10
10
7
3
2
5
11
14
14
15
22
38
67
113
169
223
255
254
223
176
127
87
57
36
23
15
9
5
3
3
3
3
3
4
6
7
8
7
7
7
6
6
7
10
12
13
13
12
10
9
9
10
10
4
4
4
5
6
7
9
9
7
5
4
6
7
6
4
3
6
11
15
16
17
22
35
61
103
155
206
239
247
229
193
150
109
74
48
29
18
11
6
3
3
4
4
5
5
6
7
8
8
7
7
6
6
7
9
11
12
12
12
10
10
9
9
9
6
6
5
4
5
8
10
10
9
6
4
6
8
9
7
6
7
11
15
17
18
20
29
51
87
133
178
211
227
226
207
176
138
99
64
39
22
12
7
5
4
5
6
7
7
7
8
8
7
6
6
6
7
7
8
9
10
9
9
8
8
7
7
7
8
8
6
5
6
8
10
12
10
7
5
6
9
10
10
8
8
10
14
16
17
18
25
42
71
108
147
179
203
218
221
206
173
130
86
50
26
14
8
6
6
7
7
8
9
9
9
8
6
5
4
6
7
7
7
7
6
6
5
5
5
5
5
6
10
10
8
7
7
8
10
12
11
9
7
7
9
10
10
8
8
9
12
14
15
16
22
35
57
86
117
148
177
206
228
229
203
156
103
59
30
15
9
7
7
7
8
9
9
9
9
8
5
3
3
5
6
7
6
5
4
3
3
2
2
4
5
6
11
10
9
8
8
8
10
11
11
10
8
7
8
9
9
8
7
9
11
13
13
14
18
28
45
68
95
122
153
191
225
237
216
166
109
61
30
16
10
9
8
8
8
10
10
10
9
8
5
2
1
3
6
7
5
4
3
3
3
2
3
4
6
7
10
10
10
9
8
8
9
11
12
11
9
8
8
8
7
7
7
8
10
11
11
11
15
22
36
55
78
104
135
175
214
231
210
159
101
54
27
15
11
10
10
9
9
10
10
9
9
8
6
3
2
3
5
6
5
4
5
5
5
5
5
7
9
10
10
10
9
9
9
9
11
14
15
14
11
9
7
6
5
5
6
7
9
9
9
10
12
18
30
46
67
91
122
164
204
220
197
145
87
44
21
12
11
11
11
10
10
10
9
8
7
7
6
5
5
6
7
7
6
5
6
7
8
8
8
9
10
11
10
10
10
9
9
10
14
18
20
18
13
10
7
5
4
4
5
6
7
8
8
9
11
16
26
40
60
84
117
161
201
214
188
133
77
38
17
10
10
11
11
10
9
8
6
5
4
5
6
7
8
10
10
8
7
6
7
9
9
9
8
9
10
11
12
11
11
10
9
11
16
21
23
20
15
11
8
6
5
4
4
5
5
6
7
8
11
15
24
38
57
83
118
162
199
209
180
126
73
35
16
9
9
10
10
9
7
5
3
1
2
5
7
9
10
11
10
8
6
6
7
9
9
9
7
7
8
8
12
12
12
10
9
11
16
21
23
20
15
12
9
8
6
5
4
4
4
5
7
8
10
13
21
35
56
83
118
158
189
195
167
118
69
35
17
9
8
8
8
8
6
4
1
1
3
7
9
10
10
9
8
6
5
5
7
9
10
9
6
5
5
5
11
11
11
9
8
9
12
17
19
17
14
12
11
10
9
7
5
4
5
6
7
8
8
10
18
32
53
80
112
145
169
171
147
106
64
34
17
10
8
8
8
7
6
4
2
3
5
9
11
10
8
7
6
5
4
4
7
9
10
9
6
3
2
3
8
8
8
7
7
7
9
12
15
15
14
13
13
13
11
9
7
6
7
8
9
8
7
8
14
27
48
74
102
128
146
148
129
95
59
33
18
11
8
8
8
7
6
5
4
5
7
10
11
9
7
6
6
6
5
5
7
9
11
9
6
3
2
2
5
5
6
6
6
6
7
10
12
13
16
18
20
19
17
13
10
9
9
11
11
9
7
7
13
25
44
68
93
116
133
137
122
92
59
33
18
11
9
8
8
6
5
4
5
6
8
9
9
8
6
6
7
7
6
6
7
10
10
9
6
4
3
4
2
3
4
5
6
6
7
8
10
15
22
29
33
30
25
18
12
9
10
12
13
11
9
9
14
26
43
66
89
113
133
140
127
96
62
35
19
12
9
9
7
5
3
3
4
7
9
9
9
7
6
7
8
8
7
7
8
10
10
8
6
4
4
4
0
0
1
3
4
6
7
8
11
19
32
44
50
46
35
23
13
8
9
11
13
13
11
11
16
28
46
68
93
119
141
150
136
102
65
36
18
11
9
9
8
5
2
1
3
6
9
9
8
7
6
6
6
6
6
7
9
10
9
7
5
3
4
5
0
0
0
1
3
5
6
8
12
22
40
57
65
59
43
27
14
8
7
10
13
14
13
13
18
31
50
75
102
128
150
157
139
102
63
33
17
10
9
10
9
6
3
1
3
6
9
9
8
5
4
4
4
4
5
6
8
9
8
6
4
3
4
5
1
1
1
1
2
4
5
6
11
22
40
60
69
63
46
28
15
8
7
9
12
13
13
14
20
34
56
84
112
136
152
151
128
92
55
29
14
9
9
10
10
7
3
2
3
6
9
9
7
4
3
3
2
3
4
6
7
7
6
5
4
4
5
6
4
4
3
3
3
4
4
5
8
18
35
52
62
57
42
26
14
8
6
7
9
10
11
14
22
37
61
89
118
138
144
134
109
76
45
25
14
9
8
9
9
6
4
2
3
5
8
8
6
4
3
3
3
3
4
6
7
7
6
4
4
5
7
8
9
8
7
6
5
5
4
5
8
16
28
41
47
44
34
22
13
8
6
6
6
6
9
14
24
39
61
88
113
128
128
112
87
60
37
23
16
12
9
8
8
6
5
4
4
5
6
7
6
5
5
5
5
5
5
6
7
7
6
5
6
7
9
10
12
11
10
8
7
6
6
6
9
14
22
29
33
30
23
16
10
7
6
5
3
3
6
14
24
38
56
77
97
108
105
90
69
48
32
23
18
14
10
8
7
7
6
6
5
5
5
6
6
6
7
7
7
6
6
6
7
7
6
6
6
8
10
11
13
12
10
8
7
7
7
9
11
13
17
21
22
19
15
10
7
6
6
5
3
3
6
13
22
33
45
59
73
80
79
69
54
39
27
22
18
15
11
8
7
7
7
7
7
6
6
6
7
7
8
8
7
7
6
6
6
6
5
5
5
7
9
9
12
11
9
7
6
7
8
9
10
11
12
14
15
13
9
6
4
4
5
5
5
5
8
13
19
24
30
38
46
52
52
48
40
31
23
19
16
14
11
9
7
6
6
7
8
8
9
8
8
8
8
7
6
6
6
6
6
5
4
4
4
6
7
8
9
8
6
5
5
6
7
8
8
7
7
9
10
9
6
4
3
3
4
6
7
8
10
13
15
16
18
21
26
30
32
31
28
23
19
16
14
13
11
8
5
4
4
6
7
9
10
10
10
10
8
6
5
6
7
7
6
4
3
3
4
6
7
7
6
6
4
4
5
6
7
6
6
4
4
5
6
6
5
3
3
3
4
5
7
8
9
11
12
11
10
12
15
18
20
20
19
16
14
12
12
12
10
8
6
4
4
5
6
7
9
10
11
11
9
6
4
5
7
7
6
4
3
4
5
6
7
6
5
5
4
4
6
6
6
5
5
4
3
3
4
4
4
4
4
4
5
5
6
6
7
9
10
9
8
8
10
12
13
13
13
12
11
10
10
10
9
7
6
5
5
5
5
5
6
8
10
11
10
7
5
5
6
7
6
5
5
6
7
7
6
6
6
6
5
5
6
5
5
5
5
4
4
4
4
4
4
4
4
5
5
5
5
5
5
7
8
8
8
8
8
9
9
9
9
9
8
7
7
8
7
7
7
7
6
6
5
4
3
4
7
10
10
8
6
5
6
7
7
6
7
8
9
9
8
7
7
7
6
5
6
5
5
5
6
7
7
7
7
6
5
4
4
4
4
5
5
5
5
5
7
8
8
7
7
7
7
7
7
7
7
6
6
7
7
7
7
7
7
7
6
4
3
3
5
8
10
9
7
5
6
7
8
7
8
9
10
11
11
11
8
8
7
6
6
6
6
7
8
9
10
10
10
9
7
6
4
4
4
4
4
4
4
5
6
7
7
6
6
7
6
6
6
7
6
6
7
7
8
7
8
9
9
9
8
6
4
3
5
8
10
10
8
7
7
8
8
7
7
7
9
12
14
15
9
9
8
6
6
6
6
7
9
11
12
12
11
10
9
8
7
6
5
4
3
3
3
4
4
5
5
5
6
7
7
6
6
6
6
7
9
10
9
8
8
10
11
11
10
8
6
6
7
9
11
11
9
8
8
8
8
6
5
5
7
11
15
16
10
10
9
7
5
4
4
6
9
12
12
11
9
9
9
9
9
8
7
6
4
3
3
3
2
2
3
5
7
8
8
7
6
6
6
9
11
12
10
9
8
9
11
12
11
10
8
9
9
10
11
10
9
8
8
9
8
7
5
4
5
9
14
16
10
11
10
7
4
3
4
6
9
12
11
9
7
7
8
9
9
9
8
7
6
6
5
4
2
1
2
5
7
8
7
7
6
5
6
9
11
11
9
7
5
6
8
10
11
10
10
10
10
10
10
9
8
8
9
9
9
8
6
4
5
9
13
15
11
11
10
7
4
3
4
7
10
11
10
7
5
6
7
8
9
9
8
8
8
8
7
5
2
2
3
6
7
6
5
5
4
4
5
7
9
9
7
5
3
3
5
7
9
9
9
10
9
9
8
8
7
7
8
8
9
8
6
5
6
9
13
14
11
11
10
7
5
4
5
7
9
9
8
6
5
5
6
8
8
8
8
9
8
8
7
5
3
3
5
7
7
6
4
3
3
3
4
5
6
6
4
3
2
2
3
5
7
8
8
7
7
6
6
6
6
6
6
6
7
7
6
7
7
9
12
13
11
11
10
8
7
7
7
7
7
7
7
6
5
4
5
6
7
8
8
8
8
7
6
4
3
4
6
8
8
7
5
4
3
3
4
4
4
4
3
3
2
3
4
5
6
6
6
6
5
5
6
6
5
4
3
4
4
5
5
6
7
8
10
11
11
11
11
11
10
9
8
6
5
6
7
7
5
3
3
5
6
7
8
8
8
7
5
3
2
3
6
9
10
9
7
6
4
4
4
4
4
3
3
4
4
5
5
5
5
5
5
5
5
6
6
6
4
2
2
3
3
4
4
5
6
7
8
9
10
10
11
12
11
11
9
6
4
5
7
7
4
2
2
4
6
7
7
8
8
7
5
3
2
3
6
9
10
10
8
6
5
5
5
4
4
3
3
4
5
6
6
6
5
5
5
5
6
6
6
6
4
2
2
2
3
4
4
4
5
7
8
9
