64 64 255
9
10
11
11
10
11
12
14
14
13
12
12
13
14
12
10
7
7
8
10
10
10
10
9
8
8
7
6
5
3
2
4
8
11
10
9
6
3
1
0
0
2
6
10
14
16
17
16
14
11
11
12
13
15
16
16
16
15
14
13
14
16
18
18
10
10
11
11
11
12
13
14
14
13
12
12
13
13
11
9
7
7
9
10
10
10
10
9
8
8
8
6
5
3
2
4
8
11
11
10
7
4
2
1
1
3
6
10
14
16
17
16
14
12
11
12
13
15
16
16
16
15
13
13
13
15
17
17
10
10
11
11
12
12
13
14
13
13
12
11
11
11
9
7
6
7
9
10
11
11
10
10
9
9
8
6
5
4
3
4
8
11
12
12
11
8
6
4
4
4
7
10
13
15
15
15
13
12
11
11
12
14
16
17
16
14
12
11
12
13
14
15
11
10
10
10
11
12
12
13
13
12
11
10
9
9
8
6
5
5
8
10
11
12
11
10
9
8
7
6
5
4
4
4
7
10
12
13
13
12
10
8
6
6
8
11
13
13
13
13
12
11
10
9
10
13
15
16
14
11
10
10
11
11
12
12
11
11
10
9
9
10
11
11
12
12
11
9
8
8
8
7
5
4
6
9
12
13
12
10
9
7
6
5
5
5
5
5
6
9
11
13
14
13
12
10
8
8
10
12
13
13
12
11
11
10
9
8
9
11
13
14
11
9
8
10
11
11
11
11
12
12
10
8
8
9
10
10
11
11
10
8
7
8
9
8
6
4
6
9
12
13
13
11
8
6
5
5
6
7
7
6
7
8
10
12
13
13
12
11
11
11
12
13
14
13
11
11
10
10
10
9
8
9
11
11
10
8
8
10
11
11
10
9
13
12
10
8
8
8
9
9
10
10
9
8
7
8
9
9
8
6
7
9
11
13
13
11
8
7
6
7
8
8
8
8
8
9
11
12
13
13
13
12
12
12
12
13
14
14
13
12
12
12
11
10
9
8
9
10
9
9
10
11
11
9
8
7
12
11
9
8
8
8
8
8
8
9
9
7
6
6
8
10
10
10
10
11
12
12
12
11
10
9
8
9
9
9
9
9
9
10
11
12
13
13
13
12
12
12
12
13
14
15
15
14
14
14
14
12
9
8
8
9
10
10
12
11
10
7
5
4
12
11
9
8
8
8
8
7
8
9
8
7
5
5
7
10
12
12
13
13
12
12
12
12
12
12
11
10
9
8
7
7
9
10
12
13
13
13
13
12
12
12
12
14
16
18
19
18
18
18
18
15
11
9
8
9
10
11
13
12
9
6
4
3
12
12
10
9
9
9
9
8
9
10
8
6
4
5
7
11
13
14
15
14
13
12
12
13
14
14
13
11
8
6
5
6
8
11
13
14
14
14
13
11
11
11
13
16
19
21
22
23
24
26
26
23
17
13
10
9
10
12
13
12
10
7
5
5
13
12
11
10
10
10
9
9
10
10
8
6
4
6
9
12
14
16
16
15
14
12
11
12
14
14
13
11
8
6
5
6
9
12
15
16
16
15
13
12
12
13
16
19
22
24
26
28
32
36
38
35
27
19
12
10
9
11
13
13
12
10
8
7
11
11
10
10
10
10
9
9
10
9
8
6
5
7
10
12
15
17
18
17
16
14
12
12
13
13
13
11
9
7
6
8
10
13
16
18
18
16
14
13
13
15
20
24
27
29
32
37
43
49
51
47
37
25
15
10
8
9
11
12
12
11
9
8
9
9
8
8
9
9
9
10
10
9
8
8
8
9
11
13
17
20
22
23
23
21
18
14
13
12
12
11
10
10
10
11
13
14
16
18
18
17
15
13
13
17
23
30
34
39
44
51
57
62
62
55
43
29
17
10
6
6
8
9
10
9
8
7
7
7
7
7
8
9
11
11
11
11
11
11
11
12
13
16
20
25
30
33
35
32
26
19
14
12
11
11
12
13
14
15
16
16
17
17
17
16
13
12
13
18
27
35
43
51
61
70
75
75
70
59
45
30
17
9
5
4
4
6
7
7
6
6
6
6
6
7
8
11
13
14
14
14
15
15
15
15
16
20
25
31
39
45
48
43
34
24
17
14
12
12
14
17
19
21
20
18
17
15
14
12
10
10
13
19
28
38
47
58
72
85
90
85
74
60
44
29
17
9
5
3
3
4
5
6
6
6
5
6
6
8
10
13
15
16
17
17
18
18
17
17
19
23
28
35
44
52
55
50
39
28
21
17
14
14
17
21
25
25
23
20
16
13
10
9
8
9
13
19
27
34
42
54
71
87
92
85
72
56
41
26
15
9
6
4
4
5
6
6
6
6
6
6
6
8
11
13
15
16
17
19
20
20
18
18
20
23
27
33
40
46
49
45
37
29
23
19
17
17
20
24
28
29
25
20
14
10
8
7
8
10
13
17
22
26
31
41
56
71
77
71
60
46
34
22
13
8
6
6
6
7
6
6
6
6
6
6
7
8
11
13
14
15
18
20
22
22
20
18
19
21
24
26
30
33
35
34
30
26
23
21
20
21
23
27
30
29
25
18
12
8
6
6
8
11
14
16
17
17
19
25
36
47
52
49
41
32
24
17
11
7
6
7
8
8
6
5
5
5
8
8
8
9
11
12
13
15
18
22
25
26
23
20
19
19
20
20
21
21
22
22
23
23
23
24
26
27
28
30
30
29
23
17
11
8
6
6
8
11
14
15
14
12
12
14
20
27
30
29
24
20
16
14
11
8
7
7
8
8
6
5
4
4
10
9
8
9
10
10
11
14
18
24
29
30
27
23
19
18
17
16
15
14
14
15
18
21
24
29
33
36
36
35
32
29
23
16
12
9
8
7
8
11
14
15
14
12
10
10
11
14
16
16
15
13
12
12
12
10
8
7
7
7
6
4
3
3
11
10
9
8
8
9
10
13
18
25
31
33
31
26
21
18
16
14
13
11
11
12
16
20
27
35
44
49
49
44
38
31
23
17
12
10
9
8
8
10
13
14
14
13
11
10
9
9
9
10
10
10
11
12
12
11
9
7
6
6
5
4
3
3
11
10
9
8
8
8
9
12
17
24
32
37
36
30
24
19
16
14
12
10
9
11
15
21
31
45
61
70
70
61
49
36
26
17
12
10
9
8
8
9
11
13
13
12
11
10
8
6
6
7
8
9
9
10
11
11
10
8
7
6
5
3
2
1
9
9
8
8
9
9
9
10
15
23
33
40
40
35
27
22
18
15
12
10
9
11
16
26
43
65
89
103
101
85
64
45
29
18
12
9
8
7
7
8
10
12
12
11
10
8
7
5
5
6
7
8
8
8
9
10
11
9
7
6
4
2
1
1
7
7
8
9
11
11
9
9
13
22
33
41
42
37
29
23
19
16
14
11
10
13
21
38
63
96
129
147
141
114
83
55
34
20
12
9
7
6
6
7
9
10
10
9
8
6
6
5
5
5
6
7
8
7
8
10
11
10
8
6
4
3
2
2
6
7
8
10
12
11
9
8
12
21
31
39
39
34
27
22
19
17
16
14
14
19
31
54
90
134
174
194
182
146
104
68
42
25
16
11
8
6
6
6
7
8
8
7
6
6
5
5
4
5
6
8
9
8
7
9
11
10
8
6
5
3
2
2
8
9
10
11
12
10
8
8
12
20
28
33
32
27
22
18
17
18
19
20
23
29
44
74
118
170
215
234
218
175
125
82
51
33
22
14
9
6
5
5
6
7
7
6
6
6
7
6
5
5
7
9
10
9
8
9
10
9
7
5
4
3
3
3
11
11
12
12
11
9
7
8
13
20
25
27
24
20
16
14
15
18
23
27
32
40
57
89
137
192
237
255
237
193
140
93
61
41
27
18
11
7
5
5
6
6
6
6
7
8
9
8
7
6
7
10
11
10
9
9
10
8
5
4
4
4
4
4
12
13
13
13
11
8
7
10
14
19
22
21
18
15
13
13
14
18
25
31
38
47
64
97
144
196
237
252
236
196
146
102
69
48
32
21
13
8
6
5
5
5
5
6
7
8
10
10
9
9
10
11
12
11
10
10
10
7
5
4
5
6
6
5
12
12
13
12
10
8
8
10
14
18
19
17
14
12
12
13
14
18
24
31
37
47
64
94
136
183
219
233
222
191
150
111
81
58
39
25
16
10
7
6
6
5
4
5
6
7
9
10
10
11
11
13
13
12
11
11
10
7
6
6
7
8
7
7
10
11
11
10
9
8
8
10
13
15
15
14
11
10
11
12
13
15
20
25
32
41
57
84
120
159
190
204
201
183
157
129
101
76
52
33
20
13
9
7
6
5
4
4
5
7
8
9
10
11
12
13
13
13
12
10
9
7
7
8
9
8
7
7
9
9
9
9
9
9
10
10
11
11
12
11
9
8
8
10
12
13
16
20
26
35
49
72
102
133
159
174
179
177
169
154
130
100
69
43
26
17
12
9
7
6
5
5
6
7
8
9
9
10
11
12
13
13
12
10
9
8
8
8
9
8
7
7
9
8
8
8
9
11
11
10
9
9
9
9
7
6
7
8
10
11
13
16
21
29
41
60
83
109
131
147
158
171
179
177
157
124
85
52
31
20
13
9
7
6
6
5
6
8
9
10
10
10
11
11
12
13
13
11
9
8
8
9
8
8
8
8
10
10
9
9
11
13
13
11
9
9
9
8
7
6
6
8
10
10
11
12
16
23
33
48
67
89
108
123
139
161
182
190
173
136
91
55
32
20
14
10
9
8
7
7
7
8
9
10
11
12
12
11
11
13
14
13
11
9
9
9
8
8
8
8
12
12
11
11
12
14
14
13
12
12
11
10
8
7
7
9
10
11
10
10
12
17
25
36
53
71
89
104
124
152
181
194
178
136
88
50
28
17
13
11
10
10
9
8
7
7
8
10
12
13
13
12
12
14
15
13
11
8
8
8
9
8
8
8
13
13
13
12
13
14
16
16
16
16
14
12
10
9
9
10
11
11
9
9
10
13
18
28
42
59
75
92
115
148
183
199
180
133
82
43
23
14
12
12
12
11
10
8
7
7
8
10
12
14
14
14
14
15
15
13
9
6
5
7
9
9
8
7
15
15
14
13
13
15
17
19
21
20
17
14
11
11
11
12
12
11
10
10
10
12
16
24
37
52
69
87
115
153
191
205
182
131
77
39
20
13
11
12
11
11
10
8
7
7
8
10
12
14
15
15
15
16
14
11
6
3
4
7
9
9
8
7
16
15
14
13
12
14
17
21
23
22
19
15
13
13
13
13
12
12
11
11
11
11
15
22
34
49
66
87
118
158
194
204
176
124
72
36
18
12
10
10
10
10
9
7
7
7
9
11
12
14
15
16
16
15
13
9
4
2
3
6
9
9
8
8
15
14
12
11
11
13
17
21
22
21
18
16
14
14
14
14
14
14
13
12
11
11
13
19
30
44
61
83
114
150
179
183
155
108
62
31
16
9
8
8
9
9
8
7
6
7
8
10
12
13
14
15
15
14
12
7
3
1
2
5
8
9
9
9
13
12
10
8
9
13
17
20
21
19
17
15
14
14
15
16
16
17
16
13
11
10
11
15
23
35
52
74
101
130
151
151
126
88
51
26
13
8
6
7
9
10
9
7
6
6
7
9
11
12
14
15
14
13
10
6
2
1
2
5
7
9
9
9
11
10
7
6
8
13
17
19
19
17
16
16
16
17
18
18
18
18
17
14
12
11
10
12
17
28
43
64
87
110
125
125
105
73
43
22
11
7
6
8
10
10
8
6
4
5
6
8
10
12
13
13
13
11
9
5
3
3
4
6
8
9
9
9
9
8
6
6
9
13
17
17
17
17
19
22
24
24
23
21
19
17
16
14
13
12
11
12
15
24
39
59
81
102
117
119
102
73
44
23
12
8
8
9
11
11
8
5
4
5
7
10
12
13
12
12
11
10
8
6
5
6
7
8
9
9
9
8
7
6
6
7
10
13
15
15
16
19
27
34
38
36
31
24
19
15
14
13
13
13
13
13
17
26
41
62
85
109
128
132
116
85
52
28
15
10
10
11
12
11
8
6
6
7
9
11
13
13
12
10
9
8
8
7
8
9
10
10
10
10
10
9
6
6
6
8
10
12
13
13
15
23
36
49
55
50
39
27
19
14
13
13
13
14
14
16
20
30
47
70
97
125
147
154
135
99
61
33
18
13
12
12
12
11
9
8
8
10
12
12
13
12
11
9
8
8
8
9
11
13
14
13
13
12
12
12
6
6
7
9
10
12
12
12
17
28
45
62
69
61
45
29
20
15
14
14
14
15
17
19
25
36
56
82
113
143
165
169
147
107
66
36
21
15
13
13
12
11
10
10
11
13
13
12
11
9
8
8
8
8
10
11
13
16
16
16
15
15
14
14
9
9
9
10
11
11
12
14
19
31
49
67
74
65
46
29
20
16
15
14
15
17
20
25
33
47
70
100
133
161
175
171
144
105
65
37
22
16
14
13
12
11
11
12
14
15
15
12
9
6
6
7
9
10
11
13
14
16
16
16
14
13
13
12
11
11
11
11
11
12
13
15
21
32
48
63
69
60
43
27
19
15
14
14
15
18
24
32
44
62
89
122
155
175
177
161
130
93
59
36
23
17
14
13
11
11
12
13
15
16
15
12
8
5
5
7
10
12
13
14
14
14
13
12
11
9
8
8
11
11
12
11
11
11
13
16
22
31
43
54
58
50
36
23
16
14
13
14
15
18
26
37
54
76
106
140
169
181
170
143
110
78
51
34
24
18
14
12
11
10
11
13
15
16
15
12
8
5
6
8
11
13
15
14
13
11
10
9
7
6
5
5
10
10
10
10
10
11
12
15
19
26
34
42
44
39
30
20
15
13
13
13
15
18
26
40
59
83
112
142
165
171
154
123
90
63
44
31
24
19
14
12
10
9
9
11
13
14
14
11
7
6
7
9
12
14
15
14
13
10
8
7
7
5
4
3
9
9
8
8
9
10
11
12
15
19
25
30
33
30
24
18
14
13
13
14
15
18
26
39
56
77
101
124
141
144
127
99
72
51
37
28
23
18
15
12
9
8
7
9
11
13
13
10
7
5
7
9
11
12
14
14
12
10
8
8
8
7
5
4
8
8
7
7
8
8
9
9
11
14
18
22
24
23
20
16
14
13
14
14
15
18
25
36
48
61
76
91
103
105
94
74
55
40
30
24
20
17
15
13
11
8
7
8
9
11
12
11
8
6
6
7
8
10
12
14
12
10
8
9
9
8
6
5
9
9
8
8
8
8
7
7
9
11
14
16
18
18
16
14
13
13
13
13
14
17
23
31
38
44
50
57
65
67
61
50
39
30
23
18
16
15
15
15
13
10
9
8
9
10
12
13
11
8
7
6
6
8
11
13
13
10
9
9
9
9
7
7
9
9
9
10
10
8
7
7
8
10
12
14
15
15
13
11
11
10
10
10
11
15
20
26
29
30
31
33
37
39
37
32
27
22
18
14
13
13
15
15
14
12
11
9
9
10
12
14
14
11
8
6
6
8
11
13
13
11
9
9
9
9
7
7
9
9
9
10
11
9
8
8
9
11
13
14
14
13
11
10
9
9
8
8
9
12
16
21
23
23
21
21
21
22
21
19
18
17
14
12
11
12
13
14
14
13
13
11
10
10
12
14
14
12
10
9
9
10
13
14
13
11
9
8
8
8
7
7
8
8
9
10
11
10
8
9
10
12
14
14
14
12
10
9
8
8
8
7
8
10
13
17
19
19
17
16
15
14
14
13
13
13
12
11
10
10
12
12
12
13
13
12
11
11
11
11
11
11
11
12
12
13
15
15
14
11
9
8
8
8
8
8
9
9
9
10
10
9
8
9
11
13
14
14
13
11
9
8
8
8
8
7
7
9
11
14
16
16
15
14
12
11
11
10
11
11
11
10
9
9
10
10
10
11
12
12
12
11
10
9
9
9
11
13
14
15
15
15
14
12
10
8
8
9
9
10
10
10
10
10
10
9
9
9
11
13
14
14
12
10
8
7
7
7
8
7
7
8
10
12
12
12
13
13
12
11
10
10
11
11
10
9
8
7
7
8
8
9
11
12
12
11
10
8
8
8
10
13
14
14
14
14
14
13
11
9
9
9
11
11
10
10
10
10
10
9
9
10
11
12
13
13
12
10
8
6
5
5
6
7
8
8
9
9
9
10
11
12
12
11
11
11
12
12
10
9
7
6
6
7
7
8
10
12
12
11
10
8
8
8
9
12
13
14
14
14
13
12
11
10
10
11
12
12
9
9
10
10
10
10
10
10
10
11
12
12
12
10
8
6
4
4
6
7
8
9
9
8
8
9
10
10
10
11
11
11
12
12
11
9
7
6
6
7
7
9
11
12
12
11
10
9
9
8
9
11
13
15
14
13
12
10
10
10
11
12
13
13
8
9
9
10
10
10
9
9
9
9
10
11
11
11
9
7
5
5
6
7
8
9
9
9
9
9
8
8
9
10
11
11
11
11
10
9
9
8
8
8
8
9
11
12
12
11
10
10
10
10
10
11
13
15
14
13
10
9
9
11
12
12
13
13
8
9
10
11
11
10
9
9
8
8
9
10
10
11
10
9
8
8
8
8
9
10
11
11
10
9
7
7
8
10
11
11
10
10
10
11
11
10
10
10
10
10
11
12
12
12
11
11
11
11
11
11
12
13
13
11
9
8
10
11
12
12
13
13
9
10
10
11
12
11
10
9
8
8
8
9
10
11
11
11
11
10
10
9
9
10
11
12
10
8
7
7
8
10
11
10
9
9
10
11
12
12
12
12
12
11
11
12
12
13
12
11
11
10
10
11
11
11
10
9
8
9
11
12
12
13
13
13
9
10
10
11
11
11
11
10
9
9
9
9
10
12
13
13
12
11
11
10
10
11
13
13
11
9
8
8
10
12
11
9
8
8
10
12
12
12
13
14
14
12
11
11
13
14
14
12
11
9
9
9
9
9
8
8
9
11
12
13
12
12
12
12
10
10
9
10
10
11
12
11
10
10
9
10
11
13
14
13
12
12
11
11
11
13
15
15
13
11
10
11
12
13
11
9
8
8
10
12
12
13
15
16
16
14
12
11
13
15
15
13
11
8
8
8
8
7
6
7
9
12
13
13
12
11
11
12
10
10
9
9
10
11
12
12
11
10
9
10
11
13
14
13
12
12
11
11
12
13
16
16
14
11
11
12
13
14
11
8
7
8
10
12
12
13
16
17
17
14
12
11
13
15
16
14
10
8
7
7
7
6
5
6
9
12
13
13
11
11
11
11
