64 64 255
18
19
21
21
19
18
16
13
12
11
10
8
7
8
9
11
13
13
12
11
10
11
12
12
13
13
11
9
9
11
15
16
16
15
13
12
10
8
8
10
12
12
11
10
11
12
12
12
12
11
11
11
13
16
17
17
15
14
13
11
7
5
6
8
17
18
20
20
18
17
15
13
11
10
10
8
7
8
10
12
13
14
14
12
10
10
11
12
13
13
12
10
9
10
13
15
15
15
13
12
10
8
9
11
13
13
12
10
11
11
11
12
12
12
12
12
13
16
17
17
15
14
13
10
7
5
6
7
17
17
17
17
16
15
13
12
10
10
9
8
8
10
11
13
15
16
15
12
9
8
9
11
13
15
13
10
8
8
10
13
14
14
13
12
10
8
9
11
13
14
13
11
11
11
11
12
13
14
14
13
14
15
16
16
15
14
12
10
8
6
6
7
17
16
14
13
13
12
12
11
11
10
9
8
8
10
13
15
17
18
16
13
9
7
8
11
14
16
14
9
6
5
7
9
12
13
13
11
8
7
7
9
12
13
12
11
11
11
12
13
14
15
14
13
13
14
15
15
14
13
12
10
8
7
7
7
16
15
12
11
10
11
12
12
12
11
9
7
7
10
13
16
17
17
15
13
10
9
10
12
15
16
14
9
5
4
5
7
10
12
11
9
6
5
5
8
10
11
11
11
12
14
15
15
16
15
14
13
12
12
13
13
13
12
12
11
10
9
9
9
14
13
11
9
10
11
12
13
13
12
9
7
7
10
13
15
16
15
13
11
11
12
13
13
14
15
14
11
7
4
4
5
9
11
10
7
5
4
5
8
9
11
12
13
15
19
21
21
20
18
15
13
12
11
12
12
12
12
12
12
11
11
10
10
10
10
9
9
10
11
12
12
12
10
8
7
9
12
14
14
14
13
12
10
11
13
13
12
11
12
14
13
10
6
4
5
8
10
10
8
6
6
7
9
11
13
15
16
20
25
29
30
29
25
20
16
13
11
11
12
11
11
12
12
12
11
11
11
7
8
9
10
11
11
11
10
9
8
8
8
11
13
14
14
13
13
11
10
11
11
11
9
8
10
13
14
12
8
5
5
8
10
10
9
8
9
10
11
14
16
18
20
25
31
38
41
41
37
30
22
16
12
12
12
12
12
13
12
11
10
10
10
7
8
10
12
12
11
9
7
6
6
7
9
12
14
14
14
13
13
13
12
11
10
8
7
7
10
13
14
13
10
8
7
10
12
12
12
12
12
13
15
16
19
21
23
28
37
46
53
55
53
46
36
25
17
13
13
13
13
13
12
10
9
9
9
10
11
12
13
13
11
8
6
5
6
8
10
13
14
14
13
13
14
14
13
12
9
7
6
8
11
14
15
14
12
10
10
12
13
14
14
15
17
18
18
20
21
23
26
31
40
52
63
72
75
70
59
43
29
19
15
13
13
12
11
10
9
9
9
11
12
13
13
12
10
7
5
4
5
8
11
12
12
12
12
13
14
14
14
12
9
7
7
9
12
14
15
15
13
11
11
12
14
15
17
19
21
22
23
24
25
28
31
37
46
60
75
90
101
101
89
68
45
28
19
14
12
11
11
11
11
11
12
10
11
11
12
11
9
7
5
4
6
9
11
10
9
8
9
11
13
14
14
13
11
9
8
10
12
14
15
15
13
12
11
12
14
17
20
23
25
26
27
29
32
37
42
48
58
72
89
109
126
131
117
90
60
36
22
16
13
11
11
12
13
13
13
10
10
11
11
10
9
8
7
7
9
11
11
9
7
6
8
10
13
15
16
16
15
12
10
10
11
13
15
15
14
13
12
13
16
19
23
26
27
27
28
32
38
47
56
64
75
91
110
131
148
152
135
102
66
38
22
16
13
11
10
11
13
13
13
10
11
11
11
11
11
11
11
11
12
13
12
10
7
7
9
12
15
17
20
21
20
16
11
9
10
12
15
15
15
14
15
16
19
23
26
28
28
27
27
32
41
54
66
79
94
113
134
152
163
162
140
104
64
35
21
16
14
12
10
11
12
13
13
12
13
13
13
12
12
11
12
12
13
13
12
10
9
10
12
14
17
21
25
27
25
19
12
9
9
11
13
14
14
15
17
19
23
26
29
30
28
26
25
30
40
54
68
83
102
126
149
165
169
161
137
99
60
32
19
16
15
13
11
10
12
13
13
14
14
14
13
12
11
10
11
11
12
12
11
11
11
12
13
15
18
23
28
29
26
20
13
9
8
10
11
11
12
15
18
21
25
28
29
29
27
24
23
26
35
47
59
73
93
119
144
158
158
147
123
89
55
30
19
16
15
13
11
10
11
13
13
13
13
13
12
11
10
10
10
11
11
12
11
12
13
14
14
15
17
21
24
26
24
19
14
11
9
9
9
8
10
13
18
21
23
25
26
26
25
22
20
21
26
34
43
54
71
94
116
126
125
115
97
72
46
27
18
15
14
12
10
10
11
12
13
9
9
10
10
10
10
11
12
13
14
14
14
15
16
16
15
14
14
15
17
17
17
15
13
12
11
11
10
9
10
14
18
20
20
19
20
21
21
20
18
17
18
22
27
35
46
61
74
80
78
72
62
48
34
22
16
13
13
12
11
12
13
13
14
5
5
7
9
11
12
13
16
18
19
20
20
20
19
17
14
12
11
11
10
9
9
10
11
13
14
15
15
14
14
17
20
20
18
15
15
16
18
19
18
15
14
15
18
23
29
36
41
42
40
38
33
28
21
16
13
11
11
12
13
14
15
16
16
2
3
6
9
11
13
16
20
23
26
27
26
24
21
17
13
11
11
9
7
5
4
6
10
15
19
21
21
20
19
20
21
20
16
14
13
15
17
18
17
15
12
12
15
18
21
23
23
22
21
20
18
15
12
10
9
10
11
13
14
15
16
16
16
3
4
7
10
12
13
16
21
26
30
34
33
29
23
17
13
12
12
11
8
4
3
5
11
20
28
33
34
31
26
24
22
19
16
14
14
15
16
16
16
14
12
12
13
15
17
17
16
15
15
15
13
9
6
4
6
9
11
14
14
14
14
14
14
8
9
9
10
11
12
15
19
25
32
39
40
35
27
19
14
14
15
14
10
7
5
9
18
32
46
57
59
51
39
29
22
18
15
14
14
14
14
14
13
12
11
12
13
14
14
13
13
13
14
14
12
8
4
2
4
8
12
14
14
13
11
10
10
14
13
12
10
9
10
13
17
24
32
41
45
41
31
22
16
15
15
15
12
10
10
17
31
52
77
96
99
85
61
39
25
18
14
13
12
12
12
13
12
11
11
12
13
13
12
10
8
9
10
12
12
9
6
4
4
7
11
14
14
13
10
9
8
16
15
13
10
8
9
12
17
22
31
40
46
43
33
22
15
12
12
12
12
12
16
27
48
80
116
145
151
129
91
56
33
21
15
12
11
12
13
14
13
12
12
12
13
13
12
8
6
5
7
9
11
11
9
7
7
8
10
12
14
13
11
9
9
16
15
13
11
9
10
13
16
21
27
36
41
39
31
20
12
8
7
8
9
13
20
36
65
106
154
192
200
173
125
78
45
28
18
14
12
13
14
14
13
12
11
12
14
14
11
8
6
5
6
8
10
11
11
11
10
9
9
10
12
13
12
11
11
13
13
13
11
10
11
14
16
19
24
30
34
32
25
16
10
6
4
5
7
13
23
42
76
125
181
226
239
211
157
101
60
36
23
17
14
14
14
14
12
10
9
11
13
13
11
9
8
7
7
8
10
11
11
11
10
9
8
8
9
11
12
12
12
11
11
12
12
11
12
15
16
18
21
25
28
26
20
14
10
7
6
6
8
13
23
43
78
129
189
238
255
231
178
120
74
45
29
20
15
14
14
13
11
9
9
11
13
12
11
10
10
10
9
10
11
11
10
10
9
8
7
6
7
8
10
10
11
10
11
12
13
13
14
15
15
16
19
22
22
20
17
13
11
10
9
9
10
13
22
40
72
121
178
225
245
228
184
130
83
52
33
22
15
13
13
13
12
10
10
11
13
12
11
10
10
10
11
12
13
13
10
9
8
7
6
6
6
7
9
9
9
11
12
13
14
14
14
14
14
14
16
18
18
15
13
11
10
11
11
11
12
14
20
35
63
105
154
197
218
210
176
131
89
59
38
25
16
13
14
15
14
13
12
13
14
13
11
10
9
10
12
14
15
14
11
9
8
8
7
7
8
9
10
9
8
13
13
14
15
15
15
13
11
11
12
14
13
11
10
9
9
9
10
12
13
15
20
30
51
85
126
164
185
184
163
130
97
69
48
31
20
15
14
15
15
15
15
15
15
14
12
10
9
10
12
14
16
14
10
8
8
8
8
9
11
12
11
9
8
14
15
15
16
16
14
11
9
9
9
10
10
9
8
7
6
6
7
10
12
15
19
26
41
66
98
130
152
158
149
131
108
84
62
42
26
17
13
13
14
16
17
17
16
15
13
11
10
11
12
13
14
12
9
8
8
8
9
11
13
14
12
9
8
15
15
15
16
15
13
11
9
8
9
10
11
11
10
8
6
6
6
8
10
13
16
21
32
50
74
100
122
134
137
133
121
101
77
52
32
19
13
13
14
17
18
17
15
13
12
11
11
11
11
12
12
12
10
9
8
8
10
12
13
13
11
8
8
13
14
14
15
14
12
11
11
12
12
13
15
16
14
11
8
7
7
8
9
11
13
18
26
40
58
78
98
113
125
131
129
113
87
58
35
20
14
14
16
18
18
16
13
10
9
10
10
11
11
11
12
14
14
12
11
10
10
11
11
11
9
8
8
10
11
11
12
12
12
13
16
18
19
19
20
19
16
12
10
9
9
9
9
10
12
15
22
32
46
63
80
95
112
126
130
117
89
58
34
20
15
15
17
18
17
14
11
8
7
7
9
10
11
12
14
16
16
15
13
11
11
11
10
9
8
9
9
7
7
7
8
10
12
15
21
25
26
25
23
19
15
12
10
10
11
11
10
10
11
14
19
27
39
53
68
83
102
121
128
115
85
54
31
19
15
15
16
17
15
12
9
7
6
7
8
10
12
13
15
16
16
15
13
12
11
11
9
7
8
9
9
4
4
4
6
9
13
18
25
30
31
27
22
17
14
11
10
10
12
13
12
11
12
14
17
24
35
49
63
79
99
120
127
113
82
51
28
17
12
12
13
14
13
10
8
6
6
8
10
12
13
14
15
14
13
12
11
11
11
11
8
6
7
9
9
3
3
3
6
10
14
20
26
31
31
27
21
17
14
12
11
11
12
13
12
12
12
14
16
23
35
49
64
81
101
121
127
110
79
49
27
15
9
8
9
11
11
8
6
5
6
9
12
14
15
15
14
12
10
8
8
9
10
10
8
6
7
8
9
4
4
5
7
10
14
19
24
29
28
25
21
18
16
15
13
12
11
12
12
12
12
14
16
23
35
50
66
83
103
119
122
104
75
46
25
13
7
6
8
9
9
7
4
4
6
10
13
16
16
15
14
11
9
7
7
8
9
9
8
6
7
8
9
7
7
7
8
9
12
16
21
24
24
23
20
18
17
16
14
12
11
11
11
12
13
14
16
22
34
49
65
82
98
112
113
97
71
45
24
12
7
8
10
11
11
8
5
5
6
10
14
16
17
16
14
11
10
8
8
8
8
8
7
7
7
9
10
9
9
9
8
8
10
13
17
19
20
21
20
19
17
15
13
11
10
10
11
12
13
13
15
20
31
46
62
78
93
105
107
94
71
46
25
14
10
12
15
16
15
13
10
8
8
10
13
15
16
15
13
12
10
10
9
9
8
7
7
7
9
11
12
9
9
8
7
6
7
10
13
15
18
21
22
21
18
15
13
11
10
10
11
11
12
12
14
20
30
44
60
77
93
108
113
103
80
53
30
17
14
16
18
19
18
16
14
12
11
11
13
15
16
15
14
12
11
10
10
9
8
7
8
9
11
14
14
8
8
7
6
5
6
8
11
13
17
23
26
27
24
20
16
12
11
10
11
11
11
11
14
20
29
43
61
82
104
124
134
123
96
63
35
20
15
17
19
20
19
17
15
14
13
12
13
14
15
16
15
13
11
10
10
10
9
9
10
12
14
16
17
6
6
6
7
7
8
9
11
13
18
26
34
36
33
26
19
14
12
11
11
10
10
11
15
20
29
44
65
93
122
147
159
145
110
71
39
21
16
15
16
17
16
15
14
14
13
12
12
13
15
15
14
12
10
10
11
12
12
12
13
14
15
17
17
4
4
6
8
11
12
12
12
13
19
29
39
44
39
30
21
16
13
12
11
10
11
13
16
20
28
44
70
104
140
167
176
156
116
73
39
21
15
13
12
12
12
11
11
12
12
11
10
11
13
13
12
11
10
10
12
14
15
15
15
15
15
16
17
3
4
6
10
13
14
15
14
14
18
27
37
43
39
29
20
15
13
12
11
10
11
14
17
21
29
46
76
114
149
173
174
150
109
67
36
20
13
10
9
9
8
9
10
12
12
11
10
10
11
11
10
9
9
11
13
14
15
16
16
15
15
15
16
7
8
9
11
13
14
14
14
14
16
22
29
34
32
25
17
13
11
10
9
10
12
16
20
25
34
52
83
120
151
165
157
130
93
58
32
18
11
9
8
7
7
9
11
14
14
13
11
11
12
12
11
10
10
12
13
13
13
14
14
14
14
15
16
13
13
13
13
12
12
11
12
12
14
17
20
23
23
20
15
11
9
9
9
10
13
18
24
32
43
61
90
122
145
150
135
107
76
49
29
18
12
9
8
8
9
10
13
16
17
15
13
13
15
15
13
13
13
13
13
12
11
11
12
12
13
15
15
18
17
16
14
12
9
8
9
10
11
12
14
16
17
16
14
11
10
9
9
11
14
20
28
38
49
66
89
114
130
129
112
86
61
41
27
19
14
11
10
10
11
13
16
19
18
15
13
14
15
16
16
15
14
13
12
11
10
11
12
13
14
15
15
20
20
19
17
13
9
7
7
7
7
8
9
11
13
13
12
11
11
11
12
13
16
22
30
39
48
59
76
94
106
103
88
68
50
36
27
21
15
12
10
11
13
16
19
20
19
15
12
11
13
14
15
15
14
12
12
11
11
11
13
15
15
14
13
20
21
22
21
17
12
8
6
5
4
5
7
9
11
12
11
11
12
13
14
15
18
22
28
33
38
44
54
66
74
73
63
50
39
32
27
22
16
11
8
9
12
17
20
22
21
17
13
10
9
10
12
12
12
11
11
12
12
14
15
16
15
13
12
18
20
23
24
21
14
9
6
5
4
4
7
10
12
12
11
11
12
14
15
16
17
19
23
25
26
27
31
38
44
45
40
33
28
26
25
22
16
10
7
7
11
16
21
23
23
21
16
11
8
7
8
9
10
10
11
12
14
15
16
17
15
12
11
16
18
22
24
20
14
8
5
5
5
6
9
12
14
14
12
11
12
14
15
15
15
16
17
18
17
16
16
19
23
25
24
21
19
21
22
21
17
11
7
7
11
16
20
23
24
23
18
12
7
4
4
6
7
8
9
11
12
13
14
15
14
12
11
14
15
19
20
17
11
6
4
6
7
9
12
15
17
16
14
13
13
13
13
13
12
12
13
14
13
11
9
9
12
15
17
16
16
17
19
20
18
13
9
9
12
15
18
20
21
20
16
10
5
2
1
2
4
6
7
7
8
9
10
11
12
12
12
11
12
15
16
14
9
5
4
6
8
10
13
16
18
17
15
14
14
12
11
10
10
10
10
12
13
11
8
7
8
11
13
14
15
16
18
19
17
14
11
10
12
15
16
16
16
15
12
8
3
0
0
1
4
5
5
4
4
5
7
9
11
11
12
9
10
12
14
13
9
5
4
6
8
11
13
16
17
16
15
14
13
10
8
7
8
8
9
11
13
12
10
8
8
8
10
12
13
15
16
17
16
12
10
10
13
15
15
14
12
11
9
7
3
0
1
3
5
6
5
4
3
4
6
8
9
10
10
7
8
10
13
13
11
7
5
6
9
11
13
14
15
14
12
12
11
9
6
5
6
7
9
11
13
14
13
11
8
7
6
8
11
13
14
14
12
9
8
9
13
16
16
15
13
12
10
8
5
3
3
4
7
9
8
6
5
6
7
9
9
9
9
8
8
10
12
13
12
9
6
7
9
11
12
12
12
11
9
9
9
8
6
5
6
7
9
10
12
14
14
12
9
6
4
5
8
11
11
10
8
6
7
9
13
16
17
17
16
14
13
11
9
7
5
6
9
12
13
12
10
9
9
10
10
11
11
10
10
10
11
12
11
9
7
8
10
10
11
10
10
10
9
8
8
7
6
5
6
8
9
10
11
12
13
12
10
7
5
5
8
9
9
7
5
5
8
11
13
16
17
18
19
17
15
13
11
8
7
8
12
16
17
15
13
11
10
10
11
12
12
13
12
12
12
12
11
9
9
10
11
10
10
11
12
12
11
10
8
7
6
6
7
8
9
10
11
11
11
10
9
7
6
6
8
9
8
6
5
7
10
12
14
15
16
18
19
17
15
13
10
8
7
9
14
18
18
17
15
13
12
11
11
12
12
13
13
14
14
13
12
11
11
12
12
10
10
11
14
16
15
13
11
9
8
8
8
9
9
10
10
10
10
9
9
7
6
7
9
10
9
8
7
9
12
13
14
14
15
17
17
15
13
11
9
8
8
10
14
16
17
15
14
14
14
13
12
10
10
10
11
13
15
15
13
12
12
13
13
11
9
11
15
18
18
15
13
12
11
10
10
9
8
9
9
9
9
9
9
7
6
7
9
10
10
10
10
12
13
14
14
14
15
16
15
13
11
9
8
8
8
9
11
13
13
13
13
14
15
14
12
10
9
6
8
11
15
15
13
12
13
14
13
12
11
12
15
17
18
17
16
15
13
11
10
8
7
6
7
7
8
9
9
7
6
7
8
9
10
11
12
13
14
14
14
14
14
13
12
10
9
9
10
11
11
9
9
9
10
11
12
14
16
16
14
11
10
3
5
11
15
14
12
10
11
13
13
13
12
13
14
16
17
17
17
16
14
12
9
6
4
4
5
7
8
9
9
7
6
6
7
8
9
11
13
14
15
15
15
14
12
10
8
8
8
10
12
14
13
10
8
8
9
10
11
14
17
18
17
14
13
2
5
10
15
14
11
9
10
12
13
13
13
13
14
16
17
18
18
17
15
11
8
5
4
3
4
6
8
9
8
7
6
6
7
8
9
11
13
14
15
16
16
14
12
9
7
7
8
10
13
16
15
11
8
7
8
9
10
13
17
18
17
15
14
