64 64 255
5
4
4
4
5
5
6
7
8
8
9
10
10
10
10
10
10
9
8
7
7
7
7
6
6
6
6
6
6
6
5
5
6
8
9
10
10
10
9
7
8
9
8
7
6
5
6
6
7
6
5
5
7
8
10
10
10
9
6
4
3
4
5
5
5
4
4
4
4
5
6
8
9
9
10
10
10
10
9
10
10
9
7
6
6
6
6
6
6
6
6
6
6
6
5
6
7
8
9
10
10
10
9
7
8
9
8
7
6
6
6
7
7
6
5
5
6
8
9
10
10
9
6
4
4
5
6
6
5
5
4
4
4
5
7
9
10
11
11
11
10
9
9
10
10
8
6
4
5
6
6
6
7
7
7
7
7
6
7
7
8
9
9
9
9
8
8
8
8
9
9
8
6
6
6
7
8
6
5
5
6
7
8
8
9
8
7
5
5
7
7
8
7
7
5
4
3
4
6
8
10
12
12
11
10
9
10
11
10
8
6
4
4
5
6
7
8
8
9
8
8
7
8
8
9
9
9
9
8
7
7
7
8
9
8
7
6
6
6
8
8
7
5
5
7
8
8
8
8
8
7
6
7
8
9
9
8
8
6
4
3
3
5
7
9
10
10
10
10
10
10
11
10
9
7
5
5
6
7
8
9
9
9
9
8
8
9
9
8
8
8
9
8
8
7
8
9
9
7
6
5
5
7
9
9
7
5
6
8
9
9
9
8
7
7
7
8
9
9
8
8
7
6
4
2
2
4
5
6
7
9
10
11
11
10
10
9
8
7
7
7
7
8
9
10
10
9
9
9
9
9
8
7
7
8
9
9
9
9
9
10
9
7
6
5
7
10
12
11
8
6
7
8
9
9
8
7
6
6
7
9
9
8
7
6
6
5
5
4
4
4
4
4
5
6
9
10
10
9
7
7
7
7
7
8
8
8
9
9
9
8
8
9
9
9
8
7
7
8
9
10
11
11
12
12
11
9
8
9
11
15
16
15
11
8
8
8
8
7
7
6
6
6
7
8
8
8
7
6
6
6
6
6
6
4
3
2
3
4
7
9
9
7
6
5
6
8
8
8
8
8
8
7
7
8
8
9
9
9
9
8
8
8
10
11
13
14
14
14
12
11
11
13
15
19
21
20
17
14
11
9
7
6
6
6
6
6
6
7
8
7
7
6
6
7
8
8
6
4
2
1
1
3
5
8
8
7
6
6
8
9
9
9
9
8
7
6
7
8
9
9
9
9
9
9
9
9
10
12
14
15
15
14
13
13
14
16
18
22
24
26
25
22
17
13
9
7
6
7
8
7
6
6
6
7
7
5
5
7
8
7
5
3
1
1
1
2
4
6
8
7
7
8
9
11
11
11
10
9
7
6
7
8
9
9
9
9
10
9
9
10
11
13
15
17
16
14
13
14
15
18
21
24
29
33
35
33
28
21
14
10
9
10
10
8
7
6
5
5
5
3
4
6
7
6
3
1
1
2
2
2
4
6
7
8
8
9
11
12
13
13
13
11
8
7
8
9
9
9
9
9
9
9
9
10
12
15
16
17
16
15
14
15
17
20
24
29
35
42
47
46
40
30
20
13
11
11
11
9
7
5
4
3
3
3
4
5
6
4
2
1
2
3
3
3
3
5
7
8
9
11
13
15
18
19
18
14
10
8
8
9
9
9
9
9
9
10
10
12
14
16
16
16
15
15
16
18
21
25
29
35
44
53
59
58
50
38
25
16
13
11
10
8
6
5
4
3
3
4
4
5
4
3
2
2
4
5
4
3
3
4
7
10
12
16
20
26
31
33
29
21
14
10
9
9
9
9
9
8
9
10
11
13
15
16
15
14
14
15
17
21
26
31
38
46
56
65
71
68
56
42
28
18
13
10
8
6
5
4
5
4
4
5
6
5
5
4
3
4
5
6
5
4
4
6
10
15
20
27
36
48
58
60
50
35
21
13
11
10
10
10
9
9
8
9
11
13
14
14
12
11
11
13
17
23
29
36
45
56
69
78
80
73
59
42
28
18
12
8
6
4
3
4
5
5
5
7
7
7
6
5
4
5
6
6
6
5
6
9
14
21
30
42
58
77
92
93
77
53
32
19
13
11
11
11
11
10
10
10
11
13
14
12
10
9
9
12
17
23
29
36
47
61
76
84
83
74
59
41
27
16
9
6
4
3
3
5
6
6
5
7
8
9
9
8
6
5
5
6
7
8
9
12
17
25
36
52
73
98
116
117
97
67
41
25
16
12
11
11
12
12
11
11
12
13
14
12
10
9
9
11
15
20
25
32
42
57
71
78
76
67
54
38
24
13
6
3
3
3
5
6
6
6
6
8
8
9
10
10
8
6
6
7
10
12
13
16
19
25
36
50
71
94
111
112
94
68
44
28
19
14
12
12
13
14
13
12
12
13
14
13
11
9
9
11
13
16
20
25
33
44
55
59
58
52
43
32
21
11
5
2
3
5
6
7
7
6
6
8
9
10
11
11
10
8
8
10
14
18
20
21
22
24
30
40
54
70
82
83
72
55
39
28
22
18
16
16
16
16
15
13
12
12
13
12
11
9
9
10
11
13
16
19
23
29
34
36
35
32
28
23
16
10
5
4
4
6
7
7
6
6
5
8
9
10
11
12
11
10
11
14
20
25
28
28
26
25
25
28
34
43
49
50
45
39
33
29
27
25
25
25
24
22
19
16
13
12
12
11
10
9
9
9
10
12
13
15
17
19
20
19
18
17
16
14
12
10
7
6
6
7
7
6
5
5
5
7
7
8
10
11
11
11
13
17
24
31
34
33
30
26
23
22
22
24
25
26
26
26
28
31
34
38
40
40
37
32
25
19
15
12
11
10
9
8
7
8
10
11
12
14
15
15
14
12
10
9
9
9
9
9
8
8
7
7
7
6
6
7
7
4
5
7
8
9
10
11
13
18
25
33
36
35
31
27
24
21
18
16
14
14
16
20
27
36
46
56
61
60
52
42
32
23
16
12
11
10
9
8
7
7
9
11
12
14
14
14
12
10
8
7
6
7
8
8
8
7
7
8
8
9
9
9
9
3
3
5
6
7
8
10
12
17
24
31
35
34
30
26
24
21
17
13
10
9
11
18
28
43
62
80
90
85
70
52
37
25
17
12
11
10
9
8
7
7
8
10
12
13
13
13
11
10
8
7
7
7
7
7
7
6
7
8
11
12
12
11
10
3
4
5
6
6
7
9
11
15
21
27
32
32
29
26
23
21
17
13
9
8
11
19
33
55
85
113
127
118
93
66
44
29
19
13
10
9
9
8
8
7
7
9
11
11
11
11
10
9
9
8
7
7
7
7
6
6
6
9
13
15
14
12
11
5
5
6
7
7
7
8
9
12
16
22
28
30
28
24
21
19
16
13
10
10
14
24
44
75
115
152
169
155
120
83
54
35
23
16
11
9
8
8
8
7
7
8
10
10
10
9
9
9
9
8
8
7
8
8
7
6
8
11
15
16
15
13
11
7
7
8
8
8
8
8
8
8
11
16
22
26
25
22
19
17
15
14
13
15
22
36
62
103
152
193
209
190
148
104
69
46
32
22
15
10
9
9
9
8
8
9
10
11
10
9
9
8
8
8
7
7
8
8
8
7
9
11
14
15
14
12
11
7
7
9
10
10
9
8
6
6
8
12
17
20
20
18
16
15
14
15
18
23
32
51
84
132
186
227
238
216
172
124
86
61
43
30
20
13
11
10
10
10
9
9
11
12
12
10
8
7
7
7
7
6
7
7
8
8
9
11
12
12
11
10
9
7
7
9
10
11
9
8
6
6
7
9
12
14
14
13
13
13
15
18
24
32
44
65
102
152
205
242
250
228
186
141
102
75
55
38
24
16
12
11
11
11
10
10
11
13
13
11
8
6
6
6
5
4
4
5
6
7
8
9
10
10
9
8
8
7
8
10
11
11
10
8
7
7
7
8
9
9
10
10
11
12
16
22
30
40
53
74
109
157
204
236
242
226
193
154
118
89
66
45
28
17
12
10
10
10
9
9
10
12
13
10
7
5
5
5
4
3
1
2
5
7
9
9
9
9
8
8
8
9
11
12
13
11
9
9
9
9
9
8
7
7
7
8
9
12
17
24
33
42
54
74
105
145
186
215
225
218
198
169
137
107
79
53
32
19
11
8
8
8
8
7
8
10
12
10
7
6
6
6
5
2
0
0
3
7
9
9
9
8
8
9
9
12
13
14
14
11
9
9
9
9
9
8
7
7
7
7
8
11
16
22
30
39
50
66
92
126
161
189
204
209
205
190
165
133
99
67
41
23
13
8
7
7
6
5
7
9
11
10
8
7
7
7
6
3
1
1
3
7
8
8
8
8
9
11
11
13
14
14
13
11
9
9
9
9
9
9
9
8
7
6
7
10
14
20
26
34
43
58
79
108
140
166
186
201
212
212
196
166
127
87
53
30
17
10
7
6
5
5
7
9
10
10
8
8
8
8
7
5
3
3
4
6
7
7
7
8
10
12
13
13
13
13
12
10
8
8
8
8
8
10
11
10
7
6
6
8
12
17
23
29
38
49
68
94
122
147
167
188
210
225
221
195
152
104
63
34
19
11
8
7
6
6
7
9
10
10
9
8
8
8
8
7
6
5
6
6
6
5
6
7
9
12
13
12
12
12
11
9
8
8
9
9
10
12
12
11
8
6
6
8
11
15
20
25
32
41
57
79
105
127
146
168
198
224
232
211
165
111
64
34
18
12
9
8
7
6
7
9
10
10
9
9
8
8
8
7
7
7
7
7
6
6
6
7
9
10
11
11
11
11
10
10
10
11
12
13
14
15
14
12
9
7
7
8
10
12
16
20
26
33
45
63
85
105
123
147
182
218
235
216
167
107
58
29
16
11
10
9
7
6
6
7
9
9
9
9
8
8
8
7
7
7
7
7
6
6
7
8
9
9
9
9
10
10
11
11
12
14
17
19
20
19
16
12
10
9
9
9
9
10
12
16
21
27
35
50
68
87
107
134
175
219
241
221
165
101
51
24
14
11
11
9
8
6
5
6
7
8
9
8
8
8
7
7
6
6
6
5
5
6
7
8
8
8
8
8
8
10
11
11
14
17
22
25
25
23
18
14
11
10
10
9
8
8
10
14
18
23
30
41
58
77
100
132
181
230
252
227
164
95
45
20
12
11
10
10
8
7
6
6
6
8
8
8
8
7
7
6
5
4
4
3
4
5
7
7
7
7
6
7
8
9
10
12
14
19
24
28
29
26
21
16
13
12
11
9
8
8
10
13
17
21
27
38
54
74
101
138
188
237
255
224
158
89
41
17
10
9
9
9
8
7
7
7
6
7
8
8
8
7
6
5
4
3
3
3
3
4
5
6
6
6
6
8
8
9
10
11
15
20
26
30
30
27
23
19
16
14
13
11
9
9
11
14
17
20
25
34
51
73
102
139
185
224
235
204
143
80
36
14
7
7
8
8
8
8
8
8
7
8
8
9
8
6
5
5
4
4
3
3
4
4
4
5
6
6
6
9
9
9
9
11
15
20
26
30
30
28
24
22
20
20
18
15
12
11
13
15
17
19
22
30
46
69
98
131
167
196
201
175
125
72
33
13
6
6
7
8
9
9
10
9
8
8
9
9
8
6
4
4
4
4
4
5
5
5
5
5
5
6
6
8
8
8
8
10
14
19
25
29
30
30
29
29
29
29
26
21
17
14
14
15
16
17
19
27
42
64
91
119
146
167
172
152
112
69
34
14
7
7
8
10
11
11
11
10
9
9
9
9
8
5
4
3
3
3
5
6
7
6
5
4
4
5
5
6
7
7
7
9
12
16
22
28
33
37
41
45
46
42
36
28
21
17
15
14
14
15
18
27
42
63
86
110
134
155
162
147
112
71
37
17
10
9
10
11
11
11
11
11
10
10
10
9
8
6
4
3
3
3
5
6
7
6
4
3
3
4
5
5
6
6
7
8
9
13
19
27
38
52
65
72
71
61
46
33
24
19
15
13
12
14
19
29
45
66
88
112
138
162
172
156
119
75
40
20
12
10
11
10
9
9
10
11
11
11
11
10
9
7
5
4
3
3
4
6
6
6
4
3
3
5
5
5
6
6
6
7
8
11
17
27
46
71
95
107
101
80
55
36
25
20
16
14
13
16
22
33
51
74
98
124
153
179
188
167
125
78
41
21
13
11
10
8
6
6
8
10
11
11
11
10
9
8
6
5
4
3
3
4
5
5
5
4
5
6
6
6
6
5
6
6
7
10
15
28
51
85
120
136
126
95
61
36
24
19
16
16
16
20
26
39
58
84
113
143
173
196
198
172
125
77
40
20
12
10
8
6
4
5
7
9
11
11
10
10
11
10
8
6
4
3
2
3
5
6
7
7
7
8
8
5
5
4
4
5
7
9
14
26
51
89
127
148
136
102
63
36
22
17
16
17
20
24
33
47
69
99
133
166
191
204
196
164
118
72
39
20
13
10
8
5
4
4
6
8
9
9
9
10
12
11
9
6
4
3
3
4
5
7
9
9
9
10
10
5
4
3
2
3
5
8
13
24
46
80
117
139
131
99
63
35
20
15
15
17
22
28
39
57
83
118
155
186
204
203
182
147
105
67
39
23
16
12
8
6
4
5
6
7
7
7
8
10
12
11
9
6
5
5
5
5
6
8
10
11
10
10
10
4
4
2
2
2
4
7
12
21
38
64
95
115
112
89
58
34
20
14
14
16
21
30
44
65
95
132
168
195
204
191
162
125
89
60
40
27
20
15
11
7
6
6
7
7
7
6
7
9
11
11
9
8
8
10
9
8
8
9
11
12
11
11
11
5
5
4
3
3
4
7
11
17
28
46
69
85
87
72
50
31
19
13
11
13
18
29
45
68
98
131
161
181
184
167
136
101
72
51
39
30
23
17
12
9
8
8
9
8
7
6
7
9
11
11
11
11
13
14
14
12
10
10
12
13
12
13
13
6
6
7
6
6
6
8
11
15
21
32
47
59
62
54
40
27
17
12
10
11
16
27
43
63
86
110
131
144
144
129
104
77
54
40
33
28
23
17
13
11
9
9
9
8
7
6
7
9
11
11
12
14
16
17
16
14
12
12
13
14
14
14
15
6
7
8
8
8
9
10
11
12
15
22
31
39
42
37
29
21
16
12
9
10
15
25
37
51
64
76
87
94
93
84
68
52
38
30
26
23
20
16
13
11
9
9
8
8
7
8
9
10
11
11
12
14
15
16
14
13
12
12
13
14
14
15
15
7
8
8
9
9
10
10
10
10
11
15
20
25
26
24
20
16
14
11
9
10
15
23
31
38
42
46
49
51
50
45
39
32
26
22
21
19
17
15
13
10
9
8
8
8
9
9
11
11
11
10
11
12
12
12
10
9
9
10
11
12
12
13
13
9
9
10
10
10
10
10
9
9
9
10
13
15
15
15
13
13
12
11
10
11
15
20
25
27
26
25
24
24
24
22
20
19
18
18
18
17
16
14
11
9
8
8
8
10
11
11
12
12
11
10
10
10
9
8
6
5
6
7
9
10
10
10
10
10
11
11
10
10
10
9
9
8
7
7
8
9
9
9
10
11
11
10
10
11
14
17
18
18
16
14
13
12
12
12
13
14
15
15
15
14
13
12
10
8
7
8
10
11
12
12
12
13
12
10
9
8
7
6
4
3
4
5
7
8
8
7
7
10
11
11
11
11
11
10
9
8
6
6
5
5
5
6
7
10
11
11
10
11
12
12
13
12
10
8
7
7
8
9
10
12
13
12
11
10
10
9
9
8
8
9
11
12
12
11
11
12
12
11
9
8
7
6
5
4
4
5
6
7
6
5
5
9
9
11
11
12
12
11
10
8
5
4
4
4
4
4
6
8
10
10
9
9
9
9
9
8
7
5
4
4
5
7
8
10
10
9
7
6
6
8
8
8
8
9
11
11
11
10
10
11
11
11
10
9
8
7
6
5
4
5
5
6
5
4
4
7
7
9
11
12
12
12
11
8
6
4
4
4
3
4
5
7
8
8
7
6
6
7
8
8
7
5
2
1
3
5
7
8
8
7
4
3
5
7
8
9
9
9
11
11
9
9
9
11
11
11
11
11
10
8
7
5
4
5
5
5
5
5
5
4
5
8
10
11
11
11
10
9
6
5
4
4
4
4
4
6
7
7
5
4
5
6
8
10
9
7
3
2
2
4
6
8
7
6
4
4
6
8
8
8
9
10
12
11
9
9
9
10
11
11
12
12
11
9
6
5
5
6
7
7
7
7
7
3
4
6
8
8
8
9
9
9
8
7
6
5
5
5
6
7
8
8
6
5
5
7
9
11
11
9
6
4
4
6
7
8
7
6
5
6
7
8
8
8
9
11
13
12
10
8
8
10
11
11
12
12
11
8
6
5
6
8
9
9
10
10
10
3
3
4
5
5
6
7
8
9
9
8
7
6
6
7
8
9
10
9
7
6
7
9
10
11
12
11
10
8
7
7
7
7
6
6
7
8
8
8
8
8
9
11
13
13
10
7
7
9
11
12
12
12
11
9
7
6
8
9
10
11
12
12
12
4
3
4
4
4
5
7
8
9
9
8
8
8
8
9
10
11
10
9
8
7
8
9
10
10
11
12
11
10
9
7
6
5
5
6
8
9
9
8
8
8
9
11
13
12
9
7
6
8
11
12
12
12
11
9
7
7
8
10
11
12
12
13
14
4
4
3
4
5
7
8
9
10
9
8
8
8
9
10
11
10
10
8
7
6
7
8
8
8
9
10
10
10
9
7
5
4
4
6
8
9
9
9
9
10
11
12
12
11
9
7
6
8
11
13
13
11
10
8
7
6
7
9
10
11
12
14
14
4
3
3
3
5
7
9
9
9
8
7
7
7
8
9
10
9
8
6
5
3
4
5
6
6
7
8
8
7
7
7
5
4
4
5
7
8
9
11
13
14
15
15
13
11
9
8
7
8
10
11
11
9
8
7
6
6
7
9
10
11
12
13
14
4
3
2
3
5
7
8
8
8
7
6
5
5
6
7
8
7
6
4
2
1
1
2
4
6
7
6
5
5
6
7
7
5
4
4
6
8
10
13
17
20
20
19
16
13
10
8
7
7
8
9
8
7
6
5
6
6
8
9
10
10
11
12
13
4
3
2
3
5
6
7
8
8
7
6
5
4
5
6
7
7
6
4
1
0
0
1
4
6
7
6
4
4
5
8
8
6
4
4
5
8
11
14
19
22
23
21
17
13
11
9
7
7
7
8
7
6
5
5
5
6
8
10
10
10
10
11
12
