64 64 255
9
8
8
7
8
10
10
9
9
8
8
6
5
5
6
8
8
9
11
12
14
15
15
15
14
13
13
11
8
6
5
5
6
7
6
5
3
4
5
7
7
8
9
10
9
8
10
13
15
14
12
11
9
8
6
4
4
5
5
5
6
8
10
11
9
9
8
8
9
10
10
9
8
8
8
7
6
5
6
8
8
9
10
12
14
15
15
15
14
13
12
10
8
5
4
5
7
7
6
4
3
4
6
7
8
8
10
10
9
8
10
13
15
14
13
11
10
9
7
5
5
5
5
5
6
8
10
11
8
8
9
9
10
10
9
8
8
8
9
8
7
6
6
7
8
8
9
11
13
14
14
14
13
11
10
8
5
4
4
5
7
8
6
4
3
4
6
7
8
9
10
10
10
9
11
13
15
14
13
12
11
10
8
6
5
5
6
6
7
8
10
10
7
8
8
9
10
9
9
8
7
8
9
9
7
7
7
7
8
8
8
10
12
12
12
11
10
9
7
5
4
2
3
5
7
7
5
3
3
4
6
7
9
10
11
11
11
10
11
13
14
14
13
12
11
11
9
8
7
6
7
7
8
8
9
8
6
6
7
8
9
8
8
8
8
8
8
8
7
7
8
8
8
7
7
8
10
10
9
9
8
8
6
4
3
2
3
5
6
6
5
4
4
5
6
8
9
11
12
12
12
11
12
12
13
14
13
11
10
10
10
9
8
8
8
8
8
7
7
7
4
5
6
8
8
7
7
8
8
8
9
8
7
7
8
8
8
6
6
6
7
7
7
6
7
7
5
4
3
3
4
6
7
6
6
5
6
7
8
9
10
12
12
13
13
12
13
13
14
14
13
11
10
10
10
9
8
8
8
9
8
7
6
6
5
6
7
8
9
8
7
8
9
9
9
8
7
7
8
8
7
6
5
5
4
5
5
5
6
6
4
3
3
3
4
6
8
8
7
7
7
8
9
10
11
12
13
13
14
15
16
17
18
17
16
14
12
12
11
9
8
7
8
8
8
7
7
7
7
7
8
9
9
9
9
9
10
10
11
9
7
6
7
7
7
7
6
4
3
3
4
5
6
5
5
4
4
4
5
7
8
9
9
9
9
9
10
10
12
12
13
14
16
19
22
25
25
24
21
18
16
14
12
10
8
7
7
8
9
9
9
9
9
8
8
8
9
9
9
9
10
11
11
9
7
6
6
7
8
8
7
6
4
4
4
4
5
5
6
6
6
6
6
7
9
11
11
10
9
10
10
11
13
14
14
15
19
25
30
34
37
36
32
26
21
17
13
10
9
8
7
8
10
10
11
10
10
9
8
7
7
7
8
9
9
10
10
9
7
6
6
8
9
9
9
7
6
6
6
5
5
6
7
8
8
7
7
8
11
13
12
11
11
11
12
14
16
17
17
19
24
31
39
46
51
52
47
38
28
19
13
10
9
9
8
9
10
11
11
11
11
10
9
8
7
6
6
7
8
9
9
8
7
7
8
9
11
10
9
8
7
7
7
7
6
6
9
10
10
8
7
9
12
14
13
12
12
13
15
18
21
22
23
25
30
39
49
59
68
72
68
55
39
24
15
10
9
10
9
9
9
10
11
11
12
11
11
10
8
6
5
6
7
8
8
8
8
9
10
12
12
11
9
8
7
7
8
7
6
7
10
11
11
9
8
9
12
14
13
12
13
15
18
21
25
28
30
34
40
50
60
73
85
93
88
73
51
32
19
13
11
10
9
8
8
8
9
9
12
12
12
11
9
6
4
5
7
9
9
10
10
12
14
15
15
13
11
9
8
8
8
8
7
8
10
11
11
9
8
9
11
13
13
13
14
16
19
22
26
31
37
43
51
62
75
90
103
110
104
84
60
39
24
16
12
11
9
8
7
7
7
7
12
12
11
11
8
5
4
5
7
9
10
11
12
14
16
18
19
18
16
14
13
12
11
10
10
11
11
11
11
10
9
10
11
13
13
13
15
16
18
20
25
31
40
49
60
73
90
108
121
123
111
88
63
41
26
18
13
12
11
10
8
7
6
6
11
10
10
9
7
6
4
6
8
10
11
12
13
15
18
21
23
23
23
23
21
19
17
15
14
13
12
11
11
10
11
11
13
14
14
14
15
16
17
18
21
26
35
46
58
74
96
118
130
126
110
86
61
41
26
18
13
12
12
11
10
8
7
6
10
9
8
7
6
6
6
7
9
10
11
12
13
15
18
21
24
26
28
29
29
26
23
19
17
15
13
11
10
11
12
14
15
15
14
13
13
14
14
15
16
19
26
35
47
64
88
111
122
116
99
76
55
37
24
15
11
11
12
12
11
10
8
8
9
8
7
6
5
6
7
9
11
13
14
15
15
16
18
20
22
25
28
30
30
28
25
21
18
16
15
13
12
13
14
16
16
15
13
11
10
11
12
13
13
15
18
24
32
46
66
86
95
90
76
59
43
30
20
13
9
9
11
12
12
11
11
11
9
8
6
5
5
6
9
11
14
18
20
20
19
18
17
18
19
21
24
25
26
24
22
20
19
18
18
17
16
16
17
17
17
15
12
10
9
9
11
12
13
14
15
16
20
27
40
53
60
56
47
37
28
22
16
10
7
7
9
10
11
11
12
12
9
8
7
6
6
7
10
13
18
25
29
29
26
21
18
16
16
17
18
19
19
19
18
19
20
22
24
24
23
21
20
19
17
15
12
10
8
9
10
12
13
14
14
13
13
14
19
26
31
29
24
20
17
15
12
9
7
6
7
8
8
9
11
11
10
10
8
8
8
9
10
14
22
31
37
37
32
25
19
15
13
13
14
14
14
14
16
20
24
29
33
34
32
28
24
20
17
15
12
10
9
9
10
12
13
13
13
11
9
7
8
12
15
15
13
12
11
11
10
7
6
6
6
6
7
8
9
9
12
11
10
10
10
10
11
15
24
34
42
43
37
28
20
15
12
11
12
12
12
13
16
23
32
41
48
50
46
39
30
23
18
14
11
10
9
10
11
12
12
11
10
9
8
6
6
8
9
9
9
9
9
9
8
6
6
5
5
5
6
7
8
8
12
11
10
9
9
10
11
16
24
35
43
46
41
31
21
15
11
10
11
11
11
13
19
30
45
60
72
76
69
56
40
28
19
13
10
8
9
10
12
12
11
9
7
7
7
7
8
9
9
9
9
9
10
9
7
6
5
5
5
5
6
7
8
8
11
11
9
8
8
9
11
16
24
34
43
46
42
32
22
15
11
11
12
12
11
14
24
42
65
90
109
115
104
80
54
33
21
13
9
7
8
10
12
12
10
7
5
5
7
10
11
12
11
10
10
10
11
10
8
6
5
5
5
6
7
8
8
7
10
9
7
6
6
8
10
15
23
32
40
43
39
31
21
14
11
12
13
13
12
16
31
56
90
126
155
164
146
110
71
41
23
14
9
8
9
11
13
13
11
8
6
6
8
11
13
13
13
11
11
11
12
10
8
6
6
6
6
7
7
8
8
8
8
8
6
5
6
8
11
15
22
29
36
38
34
27
19
13
12
13
14
14
14
20
38
70
114
162
199
210
187
141
90
51
27
16
11
10
11
14
15
14
12
10
9
9
10
11
13
13
13
12
12
12
12
10
9
7
7
7
7
7
7
8
8
8
8
8
6
6
7
8
10
14
20
25
30
31
28
22
16
13
13
14
14
14
16
24
44
80
132
188
230
243
218
166
108
61
33
19
13
12
13
16
17
15
13
12
11
10
10
10
11
12
13
12
12
12
12
11
10
8
8
7
7
6
6
6
7
7
8
8
7
7
7
8
10
14
17
21
24
24
21
17
14
13
14
14
14
15
18
26
47
84
138
196
241
255
231
179
119
68
37
22
15
13
14
16
16
15
13
12
11
10
9
9
10
11
12
12
11
11
11
11
10
9
8
8
7
6
5
5
5
5
9
9
8
9
9
9
10
13
15
18
19
18
15
13
12
13
14
14
14
15
18
26
46
82
133
189
231
244
224
177
121
73
41
25
17
14
14
15
15
14
12
11
10
9
9
9
10
11
12
11
10
10
10
11
10
9
8
8
8
7
6
5
5
5
10
10
11
11
12
11
11
12
13
15
15
13
11
9
10
12
14
14
14
14
17
23
40
72
117
167
206
219
203
166
119
77
47
29
20
15
13
13
13
12
10
9
9
9
10
11
12
13
13
11
10
10
10
10
9
8
7
8
8
8
7
6
6
7
12
12
12
13
14
13
12
11
11
12
12
10
8
7
8
11
13
14
13
13
15
19
32
57
94
137
171
186
178
154
119
83
55
36
24
17
14
13
13
11
10
9
9
10
11
12
14
15
14
12
11
10
9
9
8
8
8
9
10
10
9
8
8
9
14
14
13
12
13
12
11
10
9
10
10
8
6
6
7
10
13
13
12
12
13
16
24
41
70
104
134
151
153
143
121
93
66
43
28
20
16
15
14
12
11
11
11
11
11
12
14
16
15
13
12
10
9
8
8
8
10
10
10
10
10
9
9
9
15
14
12
10
10
10
10
9
9
10
9
8
6
5
6
9
11
10
9
9
11
13
19
30
50
75
100
119
129
131
123
103
77
52
33
22
17
15
15
14
13
12
12
11
10
10
11
13
13
13
12
10
8
7
7
9
11
11
10
10
10
9
8
7
15
13
10
8
8
9
10
10
11
11
10
8
6
5
6
7
8
7
5
6
8
12
17
25
39
57
77
94
107
118
121
111
88
61
38
23
17
15
15
15
14
13
12
11
8
7
7
9
10
10
10
9
8
6
7
10
12
11
9
9
9
8
6
5
12
11
9
8
8
9
11
13
15
14
12
10
7
6
7
7
6
5
3
4
7
11
17
24
35
49
64
77
90
104
116
114
97
69
42
24
16
13
14
14
14
12
10
9
7
5
5
6
6
7
8
8
7
6
7
10
11
10
8
7
7
7
5
4
8
8
8
8
9
12
15
19
20
19
16
12
9
8
8
8
6
4
3
4
7
12
17
25
35
47
59
69
80
96
113
117
103
75
46
26
16
13
13
13
12
10
8
6
6
5
5
6
6
6
7
7
7
6
7
8
9
9
8
7
7
6
5
4
5
6
7
9
11
14
19
24
26
24
19
14
11
10
10
9
7
4
3
4
7
12
18
26
37
49
59
69
80
97
116
122
107
79
50
29
17
13
12
12
11
8
6
4
5
6
7
8
8
7
7
7
7
7
6
6
7
8
7
7
6
6
5
5
4
5
6
8
10
14
21
27
30
27
21
15
12
11
11
9
7
5
4
6
9
13
18
26
38
50
63
74
87
105
121
124
107
78
50
30
19
14
13
12
10
8
5
4
5
7
9
10
9
8
8
8
8
7
6
5
5
6
6
5
5
5
6
6
5
5
6
6
9
13
19
26
29
27
22
16
12
11
10
9
7
6
6
8
11
14
19
26
37
50
65
79
94
110
121
119
100
72
48
29
19
14
13
12
11
9
7
5
6
7
8
9
9
9
9
9
9
8
6
5
5
5
4
3
4
5
6
6
8
7
6
4
6
10
16
22
26
26
21
16
13
11
10
8
7
7
9
11
13
15
19
25
34
47
63
79
94
107
113
107
89
65
44
28
18
13
11
12
12
10
9
7
6
6
7
8
9
9
9
9
9
8
7
6
6
5
3
3
4
6
8
8
11
10
7
4
4
7
12
18
22
23
21
17
14
12
10
8
8
8
11
13
14
16
18
23
30
42
59
77
92
102
105
98
81
61
41
26
16
11
9
10
10
10
9
8
7
6
7
8
9
9
9
9
9
8
7
7
7
6
5
4
6
8
10
11
12
12
9
7
6
7
10
15
19
21
22
21
20
17
14
11
9
10
12
13
14
15
17
20
27
39
56
76
92
103
108
102
86
64
42
25
15
9
8
7
8
8
8
8
7
6
7
8
9
10
10
9
8
7
6
7
7
7
7
8
9
12
14
14
12
12
12
10
9
9
10
14
18
22
27
32
33
29
23
17
13
11
12
13
14
14
16
19
26
39
58
79
100
116
125
123
103
73
45
25
14
9
7
6
6
7
7
7
7
7
7
8
9
10
10
10
8
6
5
5
7
8
9
10
12
14
16
16
10
11
12
12
11
10
11
13
18
26
38
50
53
48
36
24
16
12
12
13
13
14
16
19
26
39
61
87
114
136
151
149
123
85
48
24
13
9
7
6
6
7
8
8
7
7
7
8
9
9
9
9
8
6
5
5
5
6
8
11
13
15
16
16
9
10
11
12
11
10
11
13
19
31
49
68
74
65
47
29
17
11
11
12
14
15
16
19
26
41
66
97
130
157
172
166
135
89
49
24
13
9
8
7
8
9
9
8
8
7
8
9
9
10
9
9
8
7
6
5
4
5
7
10
12
13
13
14
8
9
9
9
10
10
11
13
19
33
56
77
85
74
53
32
18
12
11
12
14
15
17
21
28
45
73
108
143
169
177
164
128
83
45
23
13
10
9
8
9
9
8
8
8
8
8
9
11
11
11
10
9
9
9
7
6
5
6
8
9
9
9
10
7
7
7
7
8
10
12
15
21
34
55
75
82
72
51
32
19
14
13
14
15
16
18
23
33
52
81
118
151
171
169
146
109
69
40
23
15
12
10
9
8
8
7
7
7
8
9
10
12
12
12
12
11
11
11
9
8
7
7
7
6
5
5
5
7
7
7
7
7
10
13
17
22
33
50
65
69
60
44
29
19
15
15
16
16
16
18
25
38
60
89
123
151
162
151
122
87
56
35
24
18
15
12
10
8
7
7
7
7
8
9
11
13
14
14
14
13
12
11
10
9
9
8
7
5
3
2
1
8
8
7
6
6
9
12
16
22
31
42
52
53
46
34
23
17
15
15
16
16
16
19
27
42
65
91
118
139
144
129
101
70
46
32
25
21
17
15
12
10
9
8
8
8
8
10
12
13
14
14
14
13
11
10
9
10
10
9
7
4
1
0
0
10
10
9
7
6
7
10
15
20
27
34
39
39
33
25
17
14
13
13
14
15
16
19
28
42
61
81
100
114
116
103
79
56
38
29
24
21
18
16
13
12
12
11
11
11
11
12
14
15
15
15
14
12
10
8
8
9
9
8
5
3
0
0
0
12
12
11
9
8
7
9
12
16
22
26
29
28
23
17
13
11
11
11
12
14
16
19
27
37
50
62
72
80
80
71
56
40
30
24
21
20
17
15
14
13
13
13
13
13
14
15
17
17
16
15
13
11
9
8
8
9
9
7
5
2
0
0
0
14
14
14
12
10
9
9
10
12
14
17
19
19
16
13
10
10
11
11
11
13
15
19
24
30
35
41
45
47
46
41
33
25
20
18
17
17
15
13
13
12
12
12
13
14
16
18
19
19
17
15
13
12
10
8
7
8
8
6
4
2
0
0
1
14
14
15
14
12
10
9
8
7
8
9
12
13
12
11
10
11
11
11
12
13
16
19
21
22
23
24
24
24
23
20
17
15
13
13
14
14
12
11
11
11
10
11
12
14
16
18
20
20
17
15
14
12
10
8
6
6
6
6
4
2
1
1
2
13
14
14
14
12
10
8
6
4
3
4
7
10
11
11
11
12
12
12
12
14
16
18
18
17
15
14
14
13
12
12
11
11
11
12
12
12
10
9
10
9
9
9
10
12
14
16
17
17
15
14
13
12
10
8
6
6
6
7
6
5
4
4
4
12
12
13
13
12
10
8
5
2
2
3
6
9
11
11
11
12
12
12
13
14
16
16
15
12
11
10
10
10
11
12
12
12
11
12
12
11
10
9
9
9
8
8
10
11
13
13
13
13
12
11
12
11
10
7
5
6
7
8
9
8
7
7
6
11
11
11
12
12
10
8
5
3
3
5
6
8
10
10
10
10
12
12
13
14
15
15
13
10
9
9
10
11
12
14
14
12
11
10
10
9
9
9
9
8
7
7
9
11
12
11
10
9
9
10
11
11
9
7
6
7
9
10
11
10
9
7
7
9
9
9
11
12
11
9
6
5
6
7
8
8
9
9
8
8
10
11
12
13
14
14
12
10
9
9
11
12
14
15
14
12
10
9
8
7
7
8
8
6
5
6
8
10
11
10
8
7
7
9
10
10
8
7
7
9
10
11
11
10
8
6
6
7
7
8
10
12
12
11
10
9
10
10
9
9
8
8
7
7
8
10
11
12
13
13
11
10
9
10
12
13
15
15
13
11
10
9
7
6
6
7
7
6
5
6
8
10
10
9
7
6
6
8
9
8
7
7
8
10
11
11
10
9
7
6
5
6
7
8
10
12
13
12
12
13
13
13
11
10
9
8
7
7
8
10
11
12
13
13
12
10
10
11
12
13
14
15
13
12
10
10
9
7
7
7
7
7
7
8
10
10
10
8
7
6
6
7
7
7
6
6
7
9
11
11
10
8
7
7
6
8
9
10
11
12
12
12
12
13
13
13
12
11
10
9
8
8
9
10
11
12
12
12
11
11
11
10
10
11
12
13
13
12
12
11
11
9
9
8
8
8
9
11
12
11
10
9
8
7
6
5
6
7
7
6
7
8
10
10
9
8
8
8
8
11
11
12
13
12
11
9
8
9
10
11
11
11
11
10
10
9
10
10
10
11
10
10
10
10
10
9
8
8
9
11
12
12
12
11
11
10
9
9
8
9
10
13
14
12
10
9
8
7
6
4
5
7
7
7
7
8
10
10
9
8
7
8
8
12
13
13
14
13
10
7
5
5
6
8
11
12
13
12
11
11
10
9
9
8
8
7
8
9
9
8
7
6
7
9
10
11
10
10
9
9
9
9
9
9
10
12
14
12
9
8
8
8
6
5
5
6
7
7
7
8
9
10
9
8
7
7
8
12
13
13
13
12
10
7
4
4
5
8
11
13
14
14
13
11
9
7
6
6
5
5
6
8
8
7
6
6
6
8
9
9
8
8
8
9
10
11
11
10
10
12
12
11
8
7
8
9
8
5
4
4
5
5
6
7
8
9
9
8
7
8
8
11
11
12
12
12
10
8
6
6
7
8
11
13
15
15
14
11
8
5
4
5
5
5
6
7
8
7
6
6
6
7
7
7
7
8
9
10
12
13
14
12
11
11
12
10
7
7
8
9
8
5
3
3
3
5
6
6
7
9
9
9
9
9
9
10
11
11
12
11
10
9
8
8
8
8
11
13
15
15
14
11
7
5
4
4
5
5
6
8
8
8
7
6
6
6
6
7
7
8
9
11
13
14
15
13
12
12
12
10
7
7
9
10
8
5
3
2
3
4
6
6
7
8
9
10
9
9
9
