64 64 255
0
1
4
6
8
11
13
14
15
18
22
24
25
23
18
12
7
5
5
7
9
10
9
9
10
13
15
13
11
9
11
15
18
20
19
18
17
18
16
15
14
15
16
17
16
13
11
10
9
8
8
9
10
10
10
9
6
3
2
4
9
14
17
18
1
3
5
7
8
10
12
13
15
17
21
23
24
23
18
12
7
6
6
8
9
10
10
9
10
12
14
13
11
9
12
16
19
19
18
17
17
18
17
16
15
15
15
15
14
12
11
9
8
7
7
8
9
10
9
9
6
4
3
5
10
15
17
18
5
7
8
9
9
10
11
12
13
15
17
20
21
21
17
12
8
8
9
10
12
12
11
10
10
12
13
13
11
10
12
16
18
17
16
15
16
18
18
17
16
14
12
11
10
10
10
8
6
5
6
7
8
8
9
8
7
5
4
7
11
15
17
18
10
11
12
12
11
11
11
12
12
12
13
15
17
16
14
11
8
9
11
12
13
14
13
12
11
12
13
13
11
9
11
14
15
14
11
11
13
16
17
17
15
13
10
8
8
10
11
10
7
6
6
7
7
7
7
8
7
5
6
8
11
14
14
14
13
14
14
14
13
12
12
12
12
11
11
11
12
12
10
9
9
10
12
12
14
14
14
13
12
12
13
13
12
10
9
11
12
10
7
6
8
12
14
14
13
11
9
8
10
12
14
13
10
8
8
8
7
7
6
6
6
5
6
8
10
11
10
10
13
14
15
14
13
13
13
13
12
10
10
9
9
9
7
7
9
11
13
12
13
13
13
13
11
12
13
14
13
10
8
8
9
7
4
3
4
7
9
9
9
9
9
10
12
15
16
16
14
12
11
10
8
7
6
6
6
5
6
7
9
10
9
9
11
12
13
13
12
12
13
13
11
9
8
8
8
8
7
7
10
13
14
12
11
11
11
11
11
11
12
13
13
11
9
8
9
8
5
3
4
6
7
7
8
10
11
12
15
16
18
18
17
15
14
12
9
7
7
6
6
6
6
8
10
12
13
13
8
9
10
11
12
12
13
13
10
7
6
7
8
8
8
9
13
15
15
13
11
10
9
9
9
10
11
12
12
11
10
10
10
10
8
7
8
9
9
9
11
13
14
15
17
19
22
23
23
20
17
13
10
8
7
6
6
6
7
9
12
15
17
18
9
9
10
11
12
13
13
11
9
6
5
6
8
9
10
12
15
17
16
14
11
9
8
7
8
9
11
11
12
11
11
11
12
13
12
12
13
14
13
12
12
14
15
16
18
22
28
32
33
30
25
18
13
9
7
7
7
7
8
10
13
17
20
20
12
12
13
13
13
12
11
9
7
6
6
7
9
10
12
15
17
18
17
14
12
9
7
6
7
8
10
11
11
11
12
12
13
14
14
15
17
17
16
14
12
14
15
17
20
26
35
44
49
48
41
32
23
16
12
10
10
10
11
12
14
16
18
19
16
16
15
15
14
12
10
7
5
6
8
9
10
10
12
15
17
18
17
15
13
10
7
6
6
8
9
10
10
10
11
12
12
13
15
17
19
19
17
14
12
13
15
19
24
32
44
58
68
72
67
54
39
27
19
16
15
14
13
13
13
14
15
16
18
17
16
14
13
12
10
7
5
6
8
10
10
10
11
14
16
17
17
16
14
11
8
7
7
7
8
9
8
9
10
11
11
12
14
16
18
18
17
13
12
14
19
25
31
41
56
73
89
98
96
80
58
39
26
21
19
16
14
12
12
12
13
14
16
16
14
12
12
12
11
9
7
7
8
9
9
9
10
13
15
17
18
19
18
15
12
10
9
9
9
8
7
7
9
10
11
12
14
16
18
17
15
12
13
17
25
33
42
55
73
93
110
120
117
99
72
46
30
22
19
16
14
11
10
12
13
14
15
15
13
12
12
13
14
13
11
9
9
8
8
9
11
14
17
19
21
23
24
21
17
13
12
11
11
9
8
9
10
12
13
13
15
16
17
16
13
11
13
19
29
40
52
69
91
113
128
133
126
105
76
49
29
20
17
15
14
11
11
12
13
14
16
15
14
13
13
14
15
15
14
12
11
9
9
11
14
17
20
22
25
28
30
27
22
17
14
14
13
11
11
12
14
15
15
15
16
17
17
15
13
12
14
19
29
39
53
74
100
123
135
134
122
101
74
47
27
17
14
14
13
11
10
9
10
11
15
15
15
14
14
15
15
15
15
14
13
11
12
15
19
22
23
24
27
31
33
30
24
18
16
15
15
13
13
15
17
17
17
16
16
16
15
15
14
13
14
17
23
31
44
65
91
114
123
118
106
88
65
42
24
14
11
11
12
10
8
7
7
7
14
14
14
15
16
17
16
16
16
16
15
14
15
18
21
24
24
24
25
29
30
28
23
18
16
16
15
14
14
17
19
18
16
13
12
12
13
14
14
14
14
15
17
21
30
46
67
85
92
88
79
66
50
32
18
11
9
10
11
10
8
7
7
6
12
12
13
15
17
18
18
18
19
20
20
18
19
20
22
22
21
20
20
23
24
23
20
18
17
17
17
16
16
18
19
16
12
9
8
9
11
13
13
13
13
13
14
15
19
28
40
51
56
54
48
41
32
22
14
9
8
9
10
11
10
9
9
9
10
10
11
13
16
18
19
21
24
26
26
24
23
22
21
19
16
14
14
16
18
19
19
19
19
20
20
19
19
20
19
15
9
6
6
8
10
12
12
11
11
12
13
12
13
16
22
27
29
28
26
23
19
15
11
9
8
9
10
12
12
12
12
12
7
7
8
11
13
15
18
22
27
31
32
31
28
25
21
17
12
9
9
11
14
17
19
20
22
24
25
25
25
24
21
16
10
7
8
9
11
11
10
9
10
12
13
12
11
12
15
17
18
17
16
15
15
13
12
10
9
9
10
11
12
13
14
14
7
7
8
10
12
14
16
21
27
33
36
36
32
27
21
16
11
7
6
8
11
14
18
21
25
30
35
37
36
32
25
18
12
10
10
11
11
11
10
9
10
12
12
11
11
11
14
16
16
16
14
14
14
14
13
12
11
10
9
9
10
12
14
15
9
9
10
12
14
15
16
19
24
31
37
39
35
28
21
15
11
7
5
6
9
12
16
22
30
42
54
60
56
45
32
22
16
13
13
12
11
11
11
11
12
13
12
11
10
12
14
16
16
16
16
16
16
15
14
13
12
11
10
8
8
10
12
13
12
12
13
15
16
16
16
17
21
28
36
40
37
29
20
14
11
7
6
6
8
11
17
27
42
64
87
97
87
65
42
27
19
15
14
13
12
12
12
12
13
13
12
11
10
11
13
15
16
17
17
17
16
15
14
13
13
12
11
8
7
8
10
11
16
15
15
15
17
17
15
14
17
24
34
40
37
29
20
13
10
8
7
8
10
14
21
35
60
95
129
144
129
93
58
34
23
18
15
13
12
12
12
11
12
12
11
10
10
11
13
15
16
16
16
15
15
15
13
12
13
14
12
10
8
8
9
9
16
15
13
13
14
14
13
12
13
21
30
36
35
27
19
13
10
9
10
11
13
17
26
45
81
129
175
194
174
126
78
46
30
22
18
15
13
11
10
9
9
9
8
8
9
12
15
16
16
15
14
13
13
13
13
13
14
15
14
12
10
9
8
8
15
14
11
9
10
11
10
9
11
17
24
29
27
21
15
11
10
10
12
14
15
19
30
55
100
159
212
235
213
158
101
60
39
28
21
16
12
10
8
7
8
7
6
5
7
11
15
16
16
14
12
11
11
12
13
14
15
15
14
13
10
8
8
8
13
11
9
7
7
8
8
7
8
12
17
20
19
15
11
8
8
11
14
16
17
21
34
63
112
174
230
255
234
180
120
75
48
33
24
18
13
9
7
7
8
7
5
3
5
9
13
15
14
13
11
10
9
11
13
15
15
15
13
11
9
7
7
8
11
10
8
7
7
7
7
7
7
9
12
13
12
9
6
5
7
11
14
16
17
23
37
66
113
172
223
247
233
188
134
89
59
40
28
20
14
9
6
7
8
7
5
2
3
6
9
12
13
13
11
9
8
9
12
15
16
14
11
8
7
7
8
8
9
9
8
8
9
9
9
8
8
8
10
10
8
6
3
3
5
10
14
15
17
23
37
63
104
154
199
222
217
187
147
107
76
53
37
25
16
10
6
6
7
7
5
3
3
4
7
9
11
12
11
8
7
8
11
13
14
12
8
5
5
6
8
9
8
8
9
10
12
12
11
9
8
8
9
9
7
4
1
1
5
9
13
14
16
21
33
55
88
129
167
192
197
186
164
135
105
77
53
34
20
12
7
7
7
7
6
5
5
6
6
8
10
10
8
6
6
7
9
11
11
8
4
2
3
5
7
8
8
8
9
11
13
14
13
12
10
9
9
8
7
4
2
2
5
9
12
14
15
19
28
45
71
103
136
163
180
189
187
172
145
110
73
44
25
15
10
8
8
8
8
8
8
9
8
9
9
9
7
6
6
7
10
10
8
5
1
1
2
4
4
5
7
7
8
10
13
15
15
14
11
9
9
9
8
6
5
5
7
10
12
14
15
18
24
36
56
81
109
136
162
189
207
206
183
140
92
53
30
19
14
12
11
10
9
10
11
11
11
10
9
8
8
7
9
11
13
12
8
4
2
2
3
4
3
2
6
6
6
8
11
14
15
14
12
11
12
12
12
11
9
9
9
10
13
14
15
17
21
30
44
63
86
111
142
179
211
223
204
156
100
56
31
21
17
15
13
11
10
11
12
12
11
10
8
8
7
9
11
14
15
13
10
6
5
5
6
5
3
2
7
7
6
7
9
12
14
15
15
14
15
15
15
14
13
11
10
10
12
14
14
15
18
24
34
48
67
91
122
163
204
223
206
156
97
52
29
21
17
15
13
12
12
11
12
12
11
10
7
6
6
7
11
14
15
13
10
8
7
8
8
6
4
3
8
8
6
6
8
12
15
19
20
18
17
16
16
15
13
11
10
10
11
12
12
13
16
19
26
37
54
77
108
151
196
218
199
147
88
46
25
18
15
13
11
12
12
12
11
11
11
10
7
5
4
5
8
11
12
11
9
8
8
9
8
6
4
3
9
8
6
6
8
12
18
24
26
23
19
15
14
13
11
10
10
11
11
10
11
13
15
16
21
31
48
71
105
150
196
216
193
138
81
42
23
17
13
11
10
11
12
11
10
10
10
10
9
7
5
4
5
7
9
9
7
7
8
8
7
5
4
4
8
7
6
6
8
12
19
27
30
26
19
14
11
10
9
9
10
11
10
9
10
12
14
14
18
28
47
73
109
155
197
211
184
130
77
40
22
16
13
12
12
12
12
11
9
9
9
9
10
9
8
6
5
6
8
8
7
7
8
8
7
6
6
6
6
7
7
8
9
12
19
26
30
26
19
12
9
8
8
9
11
11
9
8
9
11
13
13
17
27
47
76
112
153
187
195
169
121
72
39
22
17
15
15
14
14
13
11
10
9
9
9
9
10
10
8
6
7
8
8
7
8
9
9
8
7
7
8
5
6
7
9
9
11
16
22
26
24
18
13
10
9
9
9
11
11
10
8
8
11
13
14
17
28
48
77
110
143
169
175
153
113
70
38
23
18
17
17
16
15
13
11
10
10
10
10
10
11
11
10
9
8
9
9
8
9
10
10
9
8
7
7
5
6
7
9
9
10
13
17
21
22
19
16
14
11
9
9
10
12
11
9
9
11
13
16
20
30
49
75
103
131
153
160
145
111
71
39
23
18
18
17
15
14
12
10
10
11
11
11
11
11
12
11
10
10
10
10
9
9
10
10
9
8
7
6
4
5
6
7
8
9
12
15
19
21
23
23
21
17
12
9
9
11
12
12
12
13
15
18
23
33
50
74
99
125
148
159
148
115
75
42
24
18
17
15
13
12
11
10
10
10
11
12
12
12
11
11
10
10
10
11
10
9
9
9
9
8
7
7
4
4
5
6
6
9
12
14
18
23
29
34
33
26
18
11
9
10
12
14
15
16
18
21
26
36
53
77
103
132
159
173
161
124
80
44
25
17
14
12
11
11
11
10
9
9
10
12
12
11
10
9
8
8
9
10
9
8
8
9
10
9
8
8
5
4
4
4
5
9
13
15
19
27
37
46
47
39
27
16
10
9
10
13
16
18
19
22
28
39
59
85
116
149
179
193
176
132
83
45
24
15
11
9
9
10
11
10
9
8
9
10
10
9
7
6
6
6
7
8
7
7
7
9
9
8
8
8
5
5
4
4
6
9
13
16
20
29
42
55
59
51
37
22
13
8
9
12
15
16
18
21
29
43
67
101
138
174
202
210
184
134
82
43
22
12
7
5
6
8
9
9
8
7
7
7
7
6
5
4
4
5
6
7
6
6
7
8
8
6
5
5
4
3
4
4
6
9
12
15
19
28
42
56
63
57
42
27
16
10
9
11
12
12
14
19
30
49
81
122
165
200
219
214
179
126
75
39
20
10
5
4
5
7
8
8
7
6
5
5
5
4
4
4
4
5
7
7
6
6
7
8
7
4
2
2
3
2
3
4
6
8
11
14
18
25
38
52
60
56
43
28
17
12
11
11
10
8
10
17
32
57
96
145
191
220
225
204
161
109
64
35
19
10
6
4
5
7
8
8
7
6
5
4
5
5
5
5
6
7
8
9
8
9
9
9
6
3
1
0
4
4
4
5
7
8
10
12
15
20
31
44
52
50
38
26
17
13
13
12
9
6
8
17
35
64
106
156
200
222
216
185
139
92
54
31
19
12
8
7
8
10
10
9
8
7
7
7
8
8
8
8
9
9
10
10
11
12
13
12
8
5
2
2
6
6
6
6
7
8
9
11
12
15
24
35
42
41
32
22
16
14
13
13
10
7
10
20
38
66
103
146
183
201
191
159
117
77
46
28
19
14
10
9
10
12
12
11
10
10
11
11
12
12
12
12
11
11
11
11
12
14
14
13
10
7
5
4
8
8
7
6
6
7
8
9
9
11
18
27
32
31
25
18
14
13
14
14
12
11
14
23
38
60
87
118
145
159
152
128
96
64
40
26
20
15
12
10
10
11
12
12
11
12
14
15
15
15
14
13
12
11
10
10
11
13
14
14
12
9
7
6
8
8
7
6
5
6
7
7
7
8
13
20
24
23
18
14
13
14
14
15
14
14
16
22
32
46
63
82
98
108
106
92
73
51
34
24
19
16
12
10
9
9
10
11
12
13
16
17
17
16
14
12
11
10
9
9
11
12
13
13
12
10
8
6
8
7
7
6
6
7
7
7
7
8
12
16
19
18
15
13
14
14
14
14
14
14
16
18
23
31
41
51
60
65
64
60
50
39
28
22
20
16
13
10
9
8
9
10
12
14
17
19
18
16
13
11
9
8
9
9
11
12
12
13
12
9
7
5
8
7
7
7
8
8
9
10
10
11
13
16
17
16
14
14
15
14
13
13
14
14
14
13
15
19
26
32
35
36
35
35
33
28
24
21
20
17
14
12
10
9
9
10
12
15
17
19
18
15
11
7
6
7
8
10
11
13
12
11
10
7
4
3
9
9
9
10
10
11
11
12
12
14
16
17
17
16
15
15
15
15
13
13
14
14
12
10
10
13
18
22
22
20
18
19
21
20
19
18
18
17
15
14
13
12
11
12
13
14
15
16
15
11
7
4
4
6
8
11
12
13
12
10
7
4
2
1
8
9
10
11
11
11
11
12
13
15
17
18
16
15
15
15
15
14
13
14
14
14
11
8
8
10
14
16
15
12
10
11
13
14
14
14
15
16
15
15
15
15
14
14
13
12
12
12
11
8
5
3
4
6
9
12
12
12
11
8
5
3
2
1
6
7
9
10
11
10
10
11
13
15
17
16
14
13
13
13
12
12
13
14
14
13
11
8
7
8
11
12
10
7
7
8
9
9
9
10
12
14
15
15
16
17
17
15
13
10
8
8
8
6
3
2
4
7
10
12
12
10
9
8
6
5
4
4
4
4
6
8
9
9
8
9
11
14
15
13
11
11
12
11
9
8
9
11
12
12
11
8
7
8
9
8
6
5
6
7
7
6
5
6
9
13
13
13
14
16
17
16
13
10
8
8
8
6
3
2
3
7
10
12
11
9
9
8
8
8
7
7
2
2
4
6
7
7
7
8
10
12
13
11
10
10
11
11
8
5
5
7
10
11
11
10
9
9
8
7
5
5
7
8
7
5
3
4
7
10
11
11
11
13
15
15
14
12
11
10
10
7
4
1
2
5
9
11
11
9
9
10
10
10
9
8
2
2
3
5
7
7
7
7
8
10
10
10
9
10
11
11
7
3
2
4
8
11
12
12
11
11
10
8
6
6
8
9
7
5
3
3
5
7
8
8
9
10
12
13
14
14
14
14
12
9
5
1
0
3
8
11
11
10
10
10
11
10
8
7
4
3
3
5
6
7
7
7
7
7
8
9
10
11
12
11
8
4
1
2
7
11
12
13
12
12
11
11
10
9
9
8
7
5
3
3
4
6
6
6
6
6
8
10
12
14
15
15
14
10
6
2
0
2
7
10
11
11
11
11
12
10
7
6
7
6
5
4
5
7
7
7
6
7
8
9
11
12
12
12
10
6
3
2
6
10
13
13
11
11
12
14
13
10
8
7
7
6
5
5
5
6
6
6
4
3
3
5
8
11
14
15
13
10
7
4
2
3
6
9
11
12
12
13
13
11
8
7
10
9
6
4
5
7
8
7
7
7
8
10
13
13
12
11
10
8
5
4
6
10
12
12
10
10
12
14
13
10
8
7
7
8
8
8
8
8
8
7
5
2
1
2
4
8
11
12
11
10
8
6
5
5
7
9
11
13
14
15
14
12
9
8
13
11
7
5
6
7
8
8
8
8
8
11
13
14
12
11
9
8
6
6
7
10
12
12
11
10
12
13
12
10
8
8
9
10
10
11
11
11
11
10
8
5
2
1
3
5
8
9
9
8
7
6
6
5
6
8
11
15
17
17
14
11
9
9
15
13
9
7
7
9
9
9
9
8
8
10
14
14
13
10
9
8
7
7
8
11
14
14
13
12
13
14
12
11
10
11
11
11
11
12
13
13
13
14
13
10
6
4
3
5
6
7
7
6
5
5
5
5
5
8
12
16
19
18
14
10
10
10
15
14
10
8
8
9
10
9
9
8
8
10
13
15
13
10
8
7
7
8
9
11
14
15
14
13
13
14
12
11
11
12
12
11
11
12
13
13
14
16
16
13
8
5
4
5
5
6
6
5
5
4
4
4
5
7
11
17
20
19
13
10
10
10
